Fri Aug 11 23:20:51 CEST 2023
2023-08-11 23:20:53.768758: I tensorflow/core/platform/cpu_feature_guard.cc:182] This TensorFlow binary is optimized to use available CPU instructions in performance-critical operations.
To enable the following instructions: SSE4.1 SSE4.2 AVX AVX2 AVX512F FMA, in other operations, rebuild TensorFlow with the appropriate compiler flags.
2023-08-11 23:21:04.678412: I tensorflow/core/common_runtime/process_util.cc:146] Creating new thread pool with default inter op setting: 2. Tune using inter_op_parallelism_threads for best performance.
Model: "sequential"
_________________________________________________________________
 Layer (type)                Output Shape              Param #   
=================================================================
 conv2d (Conv2D)             (None, 77, 1999, 32)      320       
                                                                 
 conv2d_1 (Conv2D)           (None, 75, 1997, 32)      9248      
                                                                 
 max_pooling2d (MaxPooling2D  (None, 75, 998, 32)      0         
 )                                                               
                                                                 
 conv2d_2 (Conv2D)           (None, 73, 996, 64)       18496     
                                                                 
 conv2d_3 (Conv2D)           (None, 71, 994, 64)       36928     
                                                                 
 max_pooling2d_1 (MaxPooling  (None, 35, 497, 64)      0         
 2D)                                                             
                                                                 
 conv2d_4 (Conv2D)           (None, 33, 495, 16)       9232      
                                                                 
 conv2d_5 (Conv2D)           (None, 31, 493, 16)       2320      
                                                                 
 max_pooling2d_2 (MaxPooling  (None, 15, 246, 16)      0         
 2D)                                                             
                                                                 
 flatten (Flatten)           (None, 59040)             0         
                                                                 
 dense (Dense)               (None, 64)                3778624   
                                                                 
 dense_1 (Dense)             (None, 5)                 325       
                                                                 
=================================================================
Total params: 3,855,493
Trainable params: 3,855,493
Non-trainable params: 0
_________________________________________________________________
2023-08-11 23:21:05.381431: I tensorflow/core/common_runtime/executor.cc:1197] [/device:CPU:0] (DEBUG INFO) Executor start aborting (this does not indicate an error and you can ignore this message): INVALID_ARGUMENT: You must feed a value for placeholder tensor 'Placeholder/_0' with dtype int32
	 [[{{node Placeholder/_0}}]]
Epoch 1/20
2023-08-11 23:29:48.068326: I tensorflow/core/common_runtime/executor.cc:1197] [/device:CPU:0] (DEBUG INFO) Executor start aborting (this does not indicate an error and you can ignore this message): INVALID_ARGUMENT: You must feed a value for placeholder tensor 'Placeholder/_0' with dtype int32
	 [[{{node Placeholder/_0}}]]
(10, 79, 2001, 1) (10, 5, 1)
(10, 79, 2001, 1) (10, 5, 1)
(10, 79, 2001, 1) (10, 5, 1)
(10, 79, 2001, 1) (10, 5, 1)
(10, 79, 2001, 1) (10, 5, 1)
(10, 79, 2001, 1) (10, 5, 1)
(10, 79, 2001, 1) (10, 5, 1)
(10, 79, 2001, 1) (10, 5, 1)
(10, 79, 2001, 1) (10, 5, 1)
(10, 79, 2001, 1) (10, 5, 1)
(10, 79, 2001, 1) (10, 5, 1)
(10, 79, 2001, 1) (10, 5, 1)
(10, 79, 2001, 1) (10, 5, 1)
(10, 79, 2001, 1) (10, 5, 1)
(10, 79, 2001, 1) (10, 5, 1)
(10, 79, 2001, 1) (10, 5, 1)
(10, 79, 2001, 1) (10, 5, 1)
(10, 79, 2001, 1) (10, 5, 1)
(10, 79, 2001, 1) (10, 5, 1)
(10, 79, 2001, 1) (10, 5, 1)
(10, 79, 2001, 1) (10, 5, 1)
(10, 79, 2001, 1) (10, 5, 1)
(10, 79, 2001, 1) (10, 5, 1)
(10, 79, 2001, 1) (10, 5, 1)
(10, 79, 2001, 1) (10, 5, 1)
(10, 79, 2001, 1) (10, 5, 1)
(10, 79, 2001, 1) (10, 5, 1)
(10, 79, 2001, 1) (10, 5, 1)
(10, 79, 2001, 1) (10, 5, 1)
(10, 79, 2001, 1) (10, 5, 1)
(10, 79, 2001, 1) (10, 5, 1)
(10, 79, 2001, 1) (10, 5, 1)
(10, 79, 2001, 1) (10, 5, 1)
(10, 79, 2001, 1) (10, 5, 1)
(10, 79, 2001, 1) (10, 5, 1)
(10, 79, 2001, 1) (10, 5, 1)
(10, 79, 2001, 1) (10, 5, 1)
(10, 79, 2001, 1) (10, 5, 1)
(10, 79, 2001, 1) (10, 5, 1)
(10, 79, 2001, 1) (10, 5, 1)
(10, 79, 2001, 1) (10, 5, 1)
(10, 79, 2001, 1) (10, 5, 1)
(10, 79, 2001, 1) (10, 5, 1)
(10, 79, 2001, 1) (10, 5, 1)
(10, 79, 2001, 1) (10, 5, 1)
(10, 79, 2001, 1) (10, 5, 1)
(10, 79, 2001, 1) (10, 5, 1)
(10, 79, 2001, 1) (10, 5, 1)
(10, 79, 2001, 1) (10, 5, 1)
(10, 79, 2001, 1) (10, 5, 1)
(10, 79, 2001, 1) (10, 5, 1)
(10, 79, 2001, 1) (10, 5, 1)
(10, 79, 2001, 1) (10, 5, 1)
(10, 79, 2001, 1) (10, 5, 1)
(10, 79, 2001, 1) (10, 5, 1)
(10, 79, 2001, 1) (10, 5, 1)
(10, 79, 2001, 1) (10, 5, 1)
(10, 79, 2001, 1) (10, 5, 1)
(10, 79, 2001, 1) (10, 5, 1)
(10, 79, 2001, 1) (10, 5, 1)
(10, 79, 2001, 1) (10, 5, 1)
(10, 79, 2001, 1) (10, 5, 1)
(10, 79, 2001, 1) (10, 5, 1)
(10, 79, 2001, 1) (10, 5, 1)
(10, 79, 2001, 1) (10, 5, 1)
(10, 79, 2001, 1) (10, 5, 1)
(10, 79, 2001, 1) (10, 5, 1)
(10, 79, 2001, 1) (10, 5, 1)
(10, 79, 2001, 1) (10, 5, 1)
(10, 79, 2001, 1) (10, 5, 1)
(10, 79, 2001, 1) (10, 5, 1)
(10, 79, 2001, 1) (10, 5, 1)
(10, 79, 2001, 1) (10, 5, 1)
(10, 79, 2001, 1) (10, 5, 1)
(10, 79, 2001, 1) (10, 5, 1)
(10, 79, 2001, 1) (10, 5, 1)
(10, 79, 2001, 1) (10, 5, 1)
(10, 79, 2001, 1) (10, 5, 1)
(10, 79, 2001, 1) (10, 5, 1)
(10, 79, 2001, 1) (10, 5, 1)
(10, 79, 2001, 1) (10, 5, 1)
(10, 79, 2001, 1) (10, 5, 1)
(10, 79, 2001, 1) (10, 5, 1)
(10, 79, 2001, 1) (10, 5, 1)
(10, 79, 2001, 1) (10, 5, 1)
(10, 79, 2001, 1) (10, 5, 1)
(10, 79, 2001, 1) (10, 5, 1)
(10, 79, 2001, 1) (10, 5, 1)
(10, 79, 2001, 1) (10, 5, 1)
(10, 79, 2001, 1) (10, 5, 1)
80/80 - 557s - loss: 107.1472 - mse: 0.3365 - val_loss: 96.7260 - val_mse: 0.3290 - 557s/epoch - 7s/step
Epoch 2/20
(10, 79, 2001, 1) (10, 5, 1)
(10, 79, 2001, 1) (10, 5, 1)
(10, 79, 2001, 1) (10, 5, 1)
(10, 79, 2001, 1) (10, 5, 1)
(10, 79, 2001, 1) (10, 5, 1)
(10, 79, 2001, 1) (10, 5, 1)
(10, 79, 2001, 1) (10, 5, 1)
(10, 79, 2001, 1) (10, 5, 1)
(10, 79, 2001, 1) (10, 5, 1)
(10, 79, 2001, 1) (10, 5, 1)
(10, 79, 2001, 1) (10, 5, 1)
(10, 79, 2001, 1) (10, 5, 1)
(10, 79, 2001, 1) (10, 5, 1)
(10, 79, 2001, 1) (10, 5, 1)
(10, 79, 2001, 1) (10, 5, 1)
(10, 79, 2001, 1) (10, 5, 1)
(10, 79, 2001, 1) (10, 5, 1)
(10, 79, 2001, 1) (10, 5, 1)
(10, 79, 2001, 1) (10, 5, 1)
(10, 79, 2001, 1) (10, 5, 1)
(10, 79, 2001, 1) (10, 5, 1)
(10, 79, 2001, 1) (10, 5, 1)
(10, 79, 2001, 1) (10, 5, 1)
(10, 79, 2001, 1) (10, 5, 1)
(10, 79, 2001, 1) (10, 5, 1)
(10, 79, 2001, 1) (10, 5, 1)
(10, 79, 2001, 1) (10, 5, 1)
(10, 79, 2001, 1) (10, 5, 1)
(10, 79, 2001, 1) (10, 5, 1)
(10, 79, 2001, 1) (10, 5, 1)
(10, 79, 2001, 1) (10, 5, 1)
(10, 79, 2001, 1) (10, 5, 1)
(10, 79, 2001, 1) (10, 5, 1)
(10, 79, 2001, 1) (10, 5, 1)
(10, 79, 2001, 1) (10, 5, 1)
(10, 79, 2001, 1) (10, 5, 1)
(10, 79, 2001, 1) (10, 5, 1)
(10, 79, 2001, 1) (10, 5, 1)
(10, 79, 2001, 1) (10, 5, 1)
(10, 79, 2001, 1) (10, 5, 1)
(10, 79, 2001, 1) (10, 5, 1)
(10, 79, 2001, 1) (10, 5, 1)
(10, 79, 2001, 1) (10, 5, 1)
(10, 79, 2001, 1) (10, 5, 1)
(10, 79, 2001, 1) (10, 5, 1)
(10, 79, 2001, 1) (10, 5, 1)
(10, 79, 2001, 1) (10, 5, 1)
(10, 79, 2001, 1) (10, 5, 1)
(10, 79, 2001, 1) (10, 5, 1)
(10, 79, 2001, 1) (10, 5, 1)
(10, 79, 2001, 1) (10, 5, 1)
(10, 79, 2001, 1) (10, 5, 1)
(10, 79, 2001, 1) (10, 5, 1)
(10, 79, 2001, 1) (10, 5, 1)
(10, 79, 2001, 1) (10, 5, 1)
(10, 79, 2001, 1) (10, 5, 1)
(10, 79, 2001, 1) (10, 5, 1)
(10, 79, 2001, 1) (10, 5, 1)
(10, 79, 2001, 1) (10, 5, 1)
(10, 79, 2001, 1) (10, 5, 1)
(10, 79, 2001, 1) (10, 5, 1)
(10, 79, 2001, 1) (10, 5, 1)
(10, 79, 2001, 1) (10, 5, 1)
(10, 79, 2001, 1) (10, 5, 1)
(10, 79, 2001, 1) (10, 5, 1)
(10, 79, 2001, 1) (10, 5, 1)
(10, 79, 2001, 1) (10, 5, 1)
(10, 79, 2001, 1) (10, 5, 1)
(10, 79, 2001, 1) (10, 5, 1)
(10, 79, 2001, 1) (10, 5, 1)
(10, 79, 2001, 1) (10, 5, 1)
(10, 79, 2001, 1) (10, 5, 1)
(10, 79, 2001, 1) (10, 5, 1)
(10, 79, 2001, 1) (10, 5, 1)
(10, 79, 2001, 1) (10, 5, 1)
(10, 79, 2001, 1) (10, 5, 1)
(10, 79, 2001, 1) (10, 5, 1)
(10, 79, 2001, 1) (10, 5, 1)
(10, 79, 2001, 1) (10, 5, 1)
(10, 79, 2001, 1) (10, 5, 1)
(10, 79, 2001, 1) (10, 5, 1)
(10, 79, 2001, 1) (10, 5, 1)
(10, 79, 2001, 1) (10, 5, 1)
(10, 79, 2001, 1) (10, 5, 1)
(10, 79, 2001, 1) (10, 5, 1)
(10, 79, 2001, 1) (10, 5, 1)
(10, 79, 2001, 1) (10, 5, 1)
(10, 79, 2001, 1) (10, 5, 1)
(10, 79, 2001, 1) (10, 5, 1)
(10, 79, 2001, 1) (10, 5, 1)
80/80 - 560s - loss: 99.1242 - mse: 0.3280 - val_loss: 98.4182 - val_mse: 0.3366 - 560s/epoch - 7s/step
Epoch 3/20
(10, 79, 2001, 1) (10, 5, 1)
(10, 79, 2001, 1) (10, 5, 1)
(10, 79, 2001, 1) (10, 5, 1)
(10, 79, 2001, 1) (10, 5, 1)
(10, 79, 2001, 1) (10, 5, 1)
(10, 79, 2001, 1) (10, 5, 1)
(10, 79, 2001, 1) (10, 5, 1)
(10, 79, 2001, 1) (10, 5, 1)
(10, 79, 2001, 1) (10, 5, 1)
(10, 79, 2001, 1) (10, 5, 1)
(10, 79, 2001, 1) (10, 5, 1)
(10, 79, 2001, 1) (10, 5, 1)
(10, 79, 2001, 1) (10, 5, 1)
(10, 79, 2001, 1) (10, 5, 1)
(10, 79, 2001, 1) (10, 5, 1)
(10, 79, 2001, 1) (10, 5, 1)
(10, 79, 2001, 1) (10, 5, 1)
(10, 79, 2001, 1) (10, 5, 1)
(10, 79, 2001, 1) (10, 5, 1)
(10, 79, 2001, 1) (10, 5, 1)
(10, 79, 2001, 1) (10, 5, 1)
(10, 79, 2001, 1) (10, 5, 1)
(10, 79, 2001, 1) (10, 5, 1)
(10, 79, 2001, 1) (10, 5, 1)
(10, 79, 2001, 1) (10, 5, 1)
(10, 79, 2001, 1) (10, 5, 1)
(10, 79, 2001, 1) (10, 5, 1)
(10, 79, 2001, 1) (10, 5, 1)
(10, 79, 2001, 1) (10, 5, 1)
(10, 79, 2001, 1) (10, 5, 1)
(10, 79, 2001, 1) (10, 5, 1)
(10, 79, 2001, 1) (10, 5, 1)
(10, 79, 2001, 1) (10, 5, 1)
(10, 79, 2001, 1) (10, 5, 1)
(10, 79, 2001, 1) (10, 5, 1)
(10, 79, 2001, 1) (10, 5, 1)
(10, 79, 2001, 1) (10, 5, 1)
(10, 79, 2001, 1) (10, 5, 1)
(10, 79, 2001, 1) (10, 5, 1)
(10, 79, 2001, 1) (10, 5, 1)
(10, 79, 2001, 1) (10, 5, 1)
(10, 79, 2001, 1) (10, 5, 1)
(10, 79, 2001, 1) (10, 5, 1)
(10, 79, 2001, 1) (10, 5, 1)
(10, 79, 2001, 1) (10, 5, 1)
(10, 79, 2001, 1) (10, 5, 1)
(10, 79, 2001, 1) (10, 5, 1)
(10, 79, 2001, 1) (10, 5, 1)
(10, 79, 2001, 1) (10, 5, 1)
(10, 79, 2001, 1) (10, 5, 1)
(10, 79, 2001, 1) (10, 5, 1)
(10, 79, 2001, 1) (10, 5, 1)
(10, 79, 2001, 1) (10, 5, 1)
(10, 79, 2001, 1) (10, 5, 1)
(10, 79, 2001, 1) (10, 5, 1)
(10, 79, 2001, 1) (10, 5, 1)
(10, 79, 2001, 1) (10, 5, 1)
(10, 79, 2001, 1) (10, 5, 1)
(10, 79, 2001, 1) (10, 5, 1)
(10, 79, 2001, 1) (10, 5, 1)
(10, 79, 2001, 1) (10, 5, 1)
(10, 79, 2001, 1) (10, 5, 1)
(10, 79, 2001, 1) (10, 5, 1)
(10, 79, 2001, 1) (10, 5, 1)
(10, 79, 2001, 1) (10, 5, 1)
(10, 79, 2001, 1) (10, 5, 1)
(10, 79, 2001, 1) (10, 5, 1)
(10, 79, 2001, 1) (10, 5, 1)
(10, 79, 2001, 1) (10, 5, 1)
(10, 79, 2001, 1) (10, 5, 1)
(10, 79, 2001, 1) (10, 5, 1)
(10, 79, 2001, 1) (10, 5, 1)
(10, 79, 2001, 1) (10, 5, 1)
(10, 79, 2001, 1) (10, 5, 1)
(10, 79, 2001, 1) (10, 5, 1)
(10, 79, 2001, 1) (10, 5, 1)
(10, 79, 2001, 1) (10, 5, 1)
(10, 79, 2001, 1) (10, 5, 1)
(10, 79, 2001, 1) (10, 5, 1)
(10, 79, 2001, 1) (10, 5, 1)
(10, 79, 2001, 1) (10, 5, 1)
(10, 79, 2001, 1) (10, 5, 1)
(10, 79, 2001, 1) (10, 5, 1)
(10, 79, 2001, 1) (10, 5, 1)
(10, 79, 2001, 1) (10, 5, 1)
(10, 79, 2001, 1) (10, 5, 1)
(10, 79, 2001, 1) (10, 5, 1)
(10, 79, 2001, 1) (10, 5, 1)
(10, 79, 2001, 1) (10, 5, 1)
(10, 79, 2001, 1) (10, 5, 1)
80/80 - 558s - loss: 98.9786 - mse: 0.3275 - val_loss: 98.4178 - val_mse: 0.3366 - 558s/epoch - 7s/step
Epoch 4/20
(10, 79, 2001, 1) (10, 5, 1)
(10, 79, 2001, 1) (10, 5, 1)
(10, 79, 2001, 1) (10, 5, 1)
(10, 79, 2001, 1) (10, 5, 1)
(10, 79, 2001, 1) (10, 5, 1)
(10, 79, 2001, 1) (10, 5, 1)
(10, 79, 2001, 1) (10, 5, 1)
(10, 79, 2001, 1) (10, 5, 1)
(10, 79, 2001, 1) (10, 5, 1)
(10, 79, 2001, 1) (10, 5, 1)
(10, 79, 2001, 1) (10, 5, 1)
(10, 79, 2001, 1) (10, 5, 1)
(10, 79, 2001, 1) (10, 5, 1)
(10, 79, 2001, 1) (10, 5, 1)
(10, 79, 2001, 1) (10, 5, 1)
(10, 79, 2001, 1) (10, 5, 1)
(10, 79, 2001, 1) (10, 5, 1)
(10, 79, 2001, 1) (10, 5, 1)
(10, 79, 2001, 1) (10, 5, 1)
(10, 79, 2001, 1) (10, 5, 1)
(10, 79, 2001, 1) (10, 5, 1)
(10, 79, 2001, 1) (10, 5, 1)
(10, 79, 2001, 1) (10, 5, 1)
(10, 79, 2001, 1) (10, 5, 1)
(10, 79, 2001, 1) (10, 5, 1)
(10, 79, 2001, 1) (10, 5, 1)
(10, 79, 2001, 1) (10, 5, 1)
(10, 79, 2001, 1) (10, 5, 1)
(10, 79, 2001, 1) (10, 5, 1)
(10, 79, 2001, 1) (10, 5, 1)
(10, 79, 2001, 1) (10, 5, 1)
(10, 79, 2001, 1) (10, 5, 1)
(10, 79, 2001, 1) (10, 5, 1)
(10, 79, 2001, 1) (10, 5, 1)
(10, 79, 2001, 1) (10, 5, 1)
(10, 79, 2001, 1) (10, 5, 1)
(10, 79, 2001, 1) (10, 5, 1)
(10, 79, 2001, 1) (10, 5, 1)
(10, 79, 2001, 1) (10, 5, 1)
(10, 79, 2001, 1) (10, 5, 1)
(10, 79, 2001, 1) (10, 5, 1)
(10, 79, 2001, 1) (10, 5, 1)
(10, 79, 2001, 1) (10, 5, 1)
(10, 79, 2001, 1) (10, 5, 1)
(10, 79, 2001, 1) (10, 5, 1)
(10, 79, 2001, 1) (10, 5, 1)
(10, 79, 2001, 1) (10, 5, 1)
(10, 79, 2001, 1) (10, 5, 1)
(10, 79, 2001, 1) (10, 5, 1)
(10, 79, 2001, 1) (10, 5, 1)
(10, 79, 2001, 1) (10, 5, 1)
(10, 79, 2001, 1) (10, 5, 1)
(10, 79, 2001, 1) (10, 5, 1)
(10, 79, 2001, 1) (10, 5, 1)
(10, 79, 2001, 1) (10, 5, 1)
(10, 79, 2001, 1) (10, 5, 1)
(10, 79, 2001, 1) (10, 5, 1)
(10, 79, 2001, 1) (10, 5, 1)
(10, 79, 2001, 1) (10, 5, 1)
(10, 79, 2001, 1) (10, 5, 1)
(10, 79, 2001, 1) (10, 5, 1)
(10, 79, 2001, 1) (10, 5, 1)
(10, 79, 2001, 1) (10, 5, 1)
(10, 79, 2001, 1) (10, 5, 1)
(10, 79, 2001, 1) (10, 5, 1)
(10, 79, 2001, 1) (10, 5, 1)
(10, 79, 2001, 1) (10, 5, 1)
(10, 79, 2001, 1) (10, 5, 1)
(10, 79, 2001, 1) (10, 5, 1)
(10, 79, 2001, 1) (10, 5, 1)
(10, 79, 2001, 1) (10, 5, 1)
(10, 79, 2001, 1) (10, 5, 1)
(10, 79, 2001, 1) (10, 5, 1)
(10, 79, 2001, 1) (10, 5, 1)
(10, 79, 2001, 1) (10, 5, 1)
(10, 79, 2001, 1) (10, 5, 1)
(10, 79, 2001, 1) (10, 5, 1)
(10, 79, 2001, 1) (10, 5, 1)
(10, 79, 2001, 1) (10, 5, 1)
(10, 79, 2001, 1) (10, 5, 1)
(10, 79, 2001, 1) (10, 5, 1)
(10, 79, 2001, 1) (10, 5, 1)
(10, 79, 2001, 1) (10, 5, 1)
(10, 79, 2001, 1) (10, 5, 1)
(10, 79, 2001, 1) (10, 5, 1)
(10, 79, 2001, 1) (10, 5, 1)
(10, 79, 2001, 1) (10, 5, 1)
(10, 79, 2001, 1) (10, 5, 1)
(10, 79, 2001, 1) (10, 5, 1)
(10, 79, 2001, 1) (10, 5, 1)
80/80 - 556s - loss: 98.9768 - mse: 0.3275 - val_loss: 98.4253 - val_mse: 0.3366 - 556s/epoch - 7s/step
Epoch 5/20
(10, 79, 2001, 1) (10, 5, 1)
(10, 79, 2001, 1) (10, 5, 1)
(10, 79, 2001, 1) (10, 5, 1)
(10, 79, 2001, 1) (10, 5, 1)
(10, 79, 2001, 1) (10, 5, 1)
(10, 79, 2001, 1) (10, 5, 1)
(10, 79, 2001, 1) (10, 5, 1)
(10, 79, 2001, 1) (10, 5, 1)
(10, 79, 2001, 1) (10, 5, 1)
(10, 79, 2001, 1) (10, 5, 1)
(10, 79, 2001, 1) (10, 5, 1)
(10, 79, 2001, 1) (10, 5, 1)
(10, 79, 2001, 1) (10, 5, 1)
(10, 79, 2001, 1) (10, 5, 1)
(10, 79, 2001, 1) (10, 5, 1)
(10, 79, 2001, 1) (10, 5, 1)
(10, 79, 2001, 1) (10, 5, 1)
(10, 79, 2001, 1) (10, 5, 1)
(10, 79, 2001, 1) (10, 5, 1)
(10, 79, 2001, 1) (10, 5, 1)
(10, 79, 2001, 1) (10, 5, 1)
(10, 79, 2001, 1) (10, 5, 1)
(10, 79, 2001, 1) (10, 5, 1)
(10, 79, 2001, 1) (10, 5, 1)
(10, 79, 2001, 1) (10, 5, 1)
(10, 79, 2001, 1) (10, 5, 1)
(10, 79, 2001, 1) (10, 5, 1)
(10, 79, 2001, 1) (10, 5, 1)
(10, 79, 2001, 1) (10, 5, 1)
(10, 79, 2001, 1) (10, 5, 1)
(10, 79, 2001, 1) (10, 5, 1)
(10, 79, 2001, 1) (10, 5, 1)
(10, 79, 2001, 1) (10, 5, 1)
(10, 79, 2001, 1) (10, 5, 1)
(10, 79, 2001, 1) (10, 5, 1)
(10, 79, 2001, 1) (10, 5, 1)
(10, 79, 2001, 1) (10, 5, 1)
(10, 79, 2001, 1) (10, 5, 1)
(10, 79, 2001, 1) (10, 5, 1)
(10, 79, 2001, 1) (10, 5, 1)
(10, 79, 2001, 1) (10, 5, 1)
(10, 79, 2001, 1) (10, 5, 1)
(10, 79, 2001, 1) (10, 5, 1)
(10, 79, 2001, 1) (10, 5, 1)
(10, 79, 2001, 1) (10, 5, 1)
(10, 79, 2001, 1) (10, 5, 1)
(10, 79, 2001, 1) (10, 5, 1)
(10, 79, 2001, 1) (10, 5, 1)
(10, 79, 2001, 1) (10, 5, 1)
(10, 79, 2001, 1) (10, 5, 1)
(10, 79, 2001, 1) (10, 5, 1)
(10, 79, 2001, 1) (10, 5, 1)
(10, 79, 2001, 1) (10, 5, 1)
(10, 79, 2001, 1) (10, 5, 1)
(10, 79, 2001, 1) (10, 5, 1)
(10, 79, 2001, 1) (10, 5, 1)
(10, 79, 2001, 1) (10, 5, 1)
(10, 79, 2001, 1) (10, 5, 1)
(10, 79, 2001, 1) (10, 5, 1)
(10, 79, 2001, 1) (10, 5, 1)
(10, 79, 2001, 1) (10, 5, 1)
(10, 79, 2001, 1) (10, 5, 1)
(10, 79, 2001, 1) (10, 5, 1)
(10, 79, 2001, 1) (10, 5, 1)
(10, 79, 2001, 1) (10, 5, 1)
(10, 79, 2001, 1) (10, 5, 1)
(10, 79, 2001, 1) (10, 5, 1)
(10, 79, 2001, 1) (10, 5, 1)
(10, 79, 2001, 1) (10, 5, 1)
(10, 79, 2001, 1) (10, 5, 1)
(10, 79, 2001, 1) (10, 5, 1)
(10, 79, 2001, 1) (10, 5, 1)
(10, 79, 2001, 1) (10, 5, 1)
(10, 79, 2001, 1) (10, 5, 1)
(10, 79, 2001, 1) (10, 5, 1)
(10, 79, 2001, 1) (10, 5, 1)
(10, 79, 2001, 1) (10, 5, 1)
(10, 79, 2001, 1) (10, 5, 1)
(10, 79, 2001, 1) (10, 5, 1)
(10, 79, 2001, 1) (10, 5, 1)
(10, 79, 2001, 1) (10, 5, 1)
(10, 79, 2001, 1) (10, 5, 1)
(10, 79, 2001, 1) (10, 5, 1)
(10, 79, 2001, 1) (10, 5, 1)
(10, 79, 2001, 1) (10, 5, 1)
(10, 79, 2001, 1) (10, 5, 1)
(10, 79, 2001, 1) (10, 5, 1)
(10, 79, 2001, 1) (10, 5, 1)
(10, 79, 2001, 1) (10, 5, 1)
(10, 79, 2001, 1) (10, 5, 1)
80/80 - 554s - loss: 98.9771 - mse: 0.3275 - val_loss: 98.4356 - val_mse: 0.3367 - 554s/epoch - 7s/step
Epoch 6/20
(10, 79, 2001, 1) (10, 5, 1)
(10, 79, 2001, 1) (10, 5, 1)
(10, 79, 2001, 1) (10, 5, 1)
(10, 79, 2001, 1) (10, 5, 1)
(10, 79, 2001, 1) (10, 5, 1)
(10, 79, 2001, 1) (10, 5, 1)
(10, 79, 2001, 1) (10, 5, 1)
(10, 79, 2001, 1) (10, 5, 1)
(10, 79, 2001, 1) (10, 5, 1)
(10, 79, 2001, 1) (10, 5, 1)
(10, 79, 2001, 1) (10, 5, 1)
(10, 79, 2001, 1) (10, 5, 1)
(10, 79, 2001, 1) (10, 5, 1)
(10, 79, 2001, 1) (10, 5, 1)
(10, 79, 2001, 1) (10, 5, 1)
(10, 79, 2001, 1) (10, 5, 1)
(10, 79, 2001, 1) (10, 5, 1)
(10, 79, 2001, 1) (10, 5, 1)
(10, 79, 2001, 1) (10, 5, 1)
(10, 79, 2001, 1) (10, 5, 1)
(10, 79, 2001, 1) (10, 5, 1)
(10, 79, 2001, 1) (10, 5, 1)
(10, 79, 2001, 1) (10, 5, 1)
(10, 79, 2001, 1) (10, 5, 1)
(10, 79, 2001, 1) (10, 5, 1)
(10, 79, 2001, 1) (10, 5, 1)
(10, 79, 2001, 1) (10, 5, 1)
(10, 79, 2001, 1) (10, 5, 1)
(10, 79, 2001, 1) (10, 5, 1)
(10, 79, 2001, 1) (10, 5, 1)
(10, 79, 2001, 1) (10, 5, 1)
(10, 79, 2001, 1) (10, 5, 1)
(10, 79, 2001, 1) (10, 5, 1)
(10, 79, 2001, 1) (10, 5, 1)
(10, 79, 2001, 1) (10, 5, 1)
(10, 79, 2001, 1) (10, 5, 1)
(10, 79, 2001, 1) (10, 5, 1)
(10, 79, 2001, 1) (10, 5, 1)
(10, 79, 2001, 1) (10, 5, 1)
(10, 79, 2001, 1) (10, 5, 1)
(10, 79, 2001, 1) (10, 5, 1)
(10, 79, 2001, 1) (10, 5, 1)
(10, 79, 2001, 1) (10, 5, 1)
(10, 79, 2001, 1) (10, 5, 1)
(10, 79, 2001, 1) (10, 5, 1)
(10, 79, 2001, 1) (10, 5, 1)
(10, 79, 2001, 1) (10, 5, 1)
(10, 79, 2001, 1) (10, 5, 1)
(10, 79, 2001, 1) (10, 5, 1)
(10, 79, 2001, 1) (10, 5, 1)
(10, 79, 2001, 1) (10, 5, 1)
(10, 79, 2001, 1) (10, 5, 1)
(10, 79, 2001, 1) (10, 5, 1)
(10, 79, 2001, 1) (10, 5, 1)
(10, 79, 2001, 1) (10, 5, 1)
(10, 79, 2001, 1) (10, 5, 1)
(10, 79, 2001, 1) (10, 5, 1)
(10, 79, 2001, 1) (10, 5, 1)
(10, 79, 2001, 1) (10, 5, 1)
(10, 79, 2001, 1) (10, 5, 1)
(10, 79, 2001, 1) (10, 5, 1)
(10, 79, 2001, 1) (10, 5, 1)
(10, 79, 2001, 1) (10, 5, 1)
(10, 79, 2001, 1) (10, 5, 1)
(10, 79, 2001, 1) (10, 5, 1)
(10, 79, 2001, 1) (10, 5, 1)
(10, 79, 2001, 1) (10, 5, 1)
(10, 79, 2001, 1) (10, 5, 1)
(10, 79, 2001, 1) (10, 5, 1)
(10, 79, 2001, 1) (10, 5, 1)
(10, 79, 2001, 1) (10, 5, 1)
(10, 79, 2001, 1) (10, 5, 1)
(10, 79, 2001, 1) (10, 5, 1)
(10, 79, 2001, 1) (10, 5, 1)
(10, 79, 2001, 1) (10, 5, 1)
(10, 79, 2001, 1) (10, 5, 1)
(10, 79, 2001, 1) (10, 5, 1)
(10, 79, 2001, 1) (10, 5, 1)
(10, 79, 2001, 1) (10, 5, 1)
(10, 79, 2001, 1) (10, 5, 1)
(10, 79, 2001, 1) (10, 5, 1)
(10, 79, 2001, 1) (10, 5, 1)
(10, 79, 2001, 1) (10, 5, 1)
(10, 79, 2001, 1) (10, 5, 1)
(10, 79, 2001, 1) (10, 5, 1)
(10, 79, 2001, 1) (10, 5, 1)
(10, 79, 2001, 1) (10, 5, 1)
(10, 79, 2001, 1) (10, 5, 1)
(10, 79, 2001, 1) (10, 5, 1)
(10, 79, 2001, 1) (10, 5, 1)
80/80 - 559s - loss: 98.9756 - mse: 0.3275 - val_loss: 98.4472 - val_mse: 0.3367 - 559s/epoch - 7s/step
Epoch 7/20
(10, 79, 2001, 1) (10, 5, 1)
(10, 79, 2001, 1) (10, 5, 1)
(10, 79, 2001, 1) (10, 5, 1)
(10, 79, 2001, 1) (10, 5, 1)
(10, 79, 2001, 1) (10, 5, 1)
(10, 79, 2001, 1) (10, 5, 1)
(10, 79, 2001, 1) (10, 5, 1)
(10, 79, 2001, 1) (10, 5, 1)
(10, 79, 2001, 1) (10, 5, 1)
(10, 79, 2001, 1) (10, 5, 1)
(10, 79, 2001, 1) (10, 5, 1)
(10, 79, 2001, 1) (10, 5, 1)
(10, 79, 2001, 1) (10, 5, 1)
(10, 79, 2001, 1) (10, 5, 1)
(10, 79, 2001, 1) (10, 5, 1)
(10, 79, 2001, 1) (10, 5, 1)
(10, 79, 2001, 1) (10, 5, 1)
(10, 79, 2001, 1) (10, 5, 1)
(10, 79, 2001, 1) (10, 5, 1)
(10, 79, 2001, 1) (10, 5, 1)
(10, 79, 2001, 1) (10, 5, 1)
(10, 79, 2001, 1) (10, 5, 1)
(10, 79, 2001, 1) (10, 5, 1)
(10, 79, 2001, 1) (10, 5, 1)
(10, 79, 2001, 1) (10, 5, 1)
(10, 79, 2001, 1) (10, 5, 1)
(10, 79, 2001, 1) (10, 5, 1)
(10, 79, 2001, 1) (10, 5, 1)
(10, 79, 2001, 1) (10, 5, 1)
(10, 79, 2001, 1) (10, 5, 1)
(10, 79, 2001, 1) (10, 5, 1)
(10, 79, 2001, 1) (10, 5, 1)
(10, 79, 2001, 1) (10, 5, 1)
(10, 79, 2001, 1) (10, 5, 1)
(10, 79, 2001, 1) (10, 5, 1)
(10, 79, 2001, 1) (10, 5, 1)
(10, 79, 2001, 1) (10, 5, 1)
(10, 79, 2001, 1) (10, 5, 1)
(10, 79, 2001, 1) (10, 5, 1)
(10, 79, 2001, 1) (10, 5, 1)
(10, 79, 2001, 1) (10, 5, 1)
(10, 79, 2001, 1) (10, 5, 1)
(10, 79, 2001, 1) (10, 5, 1)
(10, 79, 2001, 1) (10, 5, 1)
(10, 79, 2001, 1) (10, 5, 1)
(10, 79, 2001, 1) (10, 5, 1)
(10, 79, 2001, 1) (10, 5, 1)
(10, 79, 2001, 1) (10, 5, 1)
(10, 79, 2001, 1) (10, 5, 1)
(10, 79, 2001, 1) (10, 5, 1)
(10, 79, 2001, 1) (10, 5, 1)
(10, 79, 2001, 1) (10, 5, 1)
(10, 79, 2001, 1) (10, 5, 1)
(10, 79, 2001, 1) (10, 5, 1)
(10, 79, 2001, 1) (10, 5, 1)
(10, 79, 2001, 1) (10, 5, 1)
(10, 79, 2001, 1) (10, 5, 1)
(10, 79, 2001, 1) (10, 5, 1)
(10, 79, 2001, 1) (10, 5, 1)
(10, 79, 2001, 1) (10, 5, 1)
(10, 79, 2001, 1) (10, 5, 1)
(10, 79, 2001, 1) (10, 5, 1)
(10, 79, 2001, 1) (10, 5, 1)
(10, 79, 2001, 1) (10, 5, 1)
(10, 79, 2001, 1) (10, 5, 1)
(10, 79, 2001, 1) (10, 5, 1)
(10, 79, 2001, 1) (10, 5, 1)
(10, 79, 2001, 1) (10, 5, 1)
(10, 79, 2001, 1) (10, 5, 1)
(10, 79, 2001, 1) (10, 5, 1)
(10, 79, 2001, 1) (10, 5, 1)
(10, 79, 2001, 1) (10, 5, 1)
(10, 79, 2001, 1) (10, 5, 1)
(10, 79, 2001, 1) (10, 5, 1)
(10, 79, 2001, 1) (10, 5, 1)
(10, 79, 2001, 1) (10, 5, 1)
(10, 79, 2001, 1) (10, 5, 1)
(10, 79, 2001, 1) (10, 5, 1)
(10, 79, 2001, 1) (10, 5, 1)
(10, 79, 2001, 1) (10, 5, 1)
(10, 79, 2001, 1) (10, 5, 1)
(10, 79, 2001, 1) (10, 5, 1)
(10, 79, 2001, 1) (10, 5, 1)
(10, 79, 2001, 1) (10, 5, 1)
(10, 79, 2001, 1) (10, 5, 1)
(10, 79, 2001, 1) (10, 5, 1)
(10, 79, 2001, 1) (10, 5, 1)
(10, 79, 2001, 1) (10, 5, 1)
(10, 79, 2001, 1) (10, 5, 1)
(10, 79, 2001, 1) (10, 5, 1)
80/80 - 562s - loss: 98.9752 - mse: 0.3276 - val_loss: 98.4599 - val_mse: 0.3367 - 562s/epoch - 7s/step
Epoch 8/20
(10, 79, 2001, 1) (10, 5, 1)
(10, 79, 2001, 1) (10, 5, 1)
(10, 79, 2001, 1) (10, 5, 1)
(10, 79, 2001, 1) (10, 5, 1)
(10, 79, 2001, 1) (10, 5, 1)
(10, 79, 2001, 1) (10, 5, 1)
(10, 79, 2001, 1) (10, 5, 1)
(10, 79, 2001, 1) (10, 5, 1)
(10, 79, 2001, 1) (10, 5, 1)
(10, 79, 2001, 1) (10, 5, 1)
(10, 79, 2001, 1) (10, 5, 1)
(10, 79, 2001, 1) (10, 5, 1)
(10, 79, 2001, 1) (10, 5, 1)
(10, 79, 2001, 1) (10, 5, 1)
(10, 79, 2001, 1) (10, 5, 1)
(10, 79, 2001, 1) (10, 5, 1)
(10, 79, 2001, 1) (10, 5, 1)
(10, 79, 2001, 1) (10, 5, 1)
(10, 79, 2001, 1) (10, 5, 1)
(10, 79, 2001, 1) (10, 5, 1)
(10, 79, 2001, 1) (10, 5, 1)
(10, 79, 2001, 1) (10, 5, 1)
(10, 79, 2001, 1) (10, 5, 1)
(10, 79, 2001, 1) (10, 5, 1)
(10, 79, 2001, 1) (10, 5, 1)
(10, 79, 2001, 1) (10, 5, 1)
(10, 79, 2001, 1) (10, 5, 1)
(10, 79, 2001, 1) (10, 5, 1)
(10, 79, 2001, 1) (10, 5, 1)
(10, 79, 2001, 1) (10, 5, 1)
(10, 79, 2001, 1) (10, 5, 1)
(10, 79, 2001, 1) (10, 5, 1)
(10, 79, 2001, 1) (10, 5, 1)
(10, 79, 2001, 1) (10, 5, 1)
(10, 79, 2001, 1) (10, 5, 1)
(10, 79, 2001, 1) (10, 5, 1)
(10, 79, 2001, 1) (10, 5, 1)
(10, 79, 2001, 1) (10, 5, 1)
(10, 79, 2001, 1) (10, 5, 1)
(10, 79, 2001, 1) (10, 5, 1)
(10, 79, 2001, 1) (10, 5, 1)
(10, 79, 2001, 1) (10, 5, 1)
(10, 79, 2001, 1) (10, 5, 1)
(10, 79, 2001, 1) (10, 5, 1)
(10, 79, 2001, 1) (10, 5, 1)
(10, 79, 2001, 1) (10, 5, 1)
(10, 79, 2001, 1) (10, 5, 1)
(10, 79, 2001, 1) (10, 5, 1)
(10, 79, 2001, 1) (10, 5, 1)
(10, 79, 2001, 1) (10, 5, 1)
(10, 79, 2001, 1) (10, 5, 1)
(10, 79, 2001, 1) (10, 5, 1)
(10, 79, 2001, 1) (10, 5, 1)
(10, 79, 2001, 1) (10, 5, 1)
(10, 79, 2001, 1) (10, 5, 1)
(10, 79, 2001, 1) (10, 5, 1)
(10, 79, 2001, 1) (10, 5, 1)
(10, 79, 2001, 1) (10, 5, 1)
(10, 79, 2001, 1) (10, 5, 1)
(10, 79, 2001, 1) (10, 5, 1)
(10, 79, 2001, 1) (10, 5, 1)
(10, 79, 2001, 1) (10, 5, 1)
(10, 79, 2001, 1) (10, 5, 1)
(10, 79, 2001, 1) (10, 5, 1)
(10, 79, 2001, 1) (10, 5, 1)
(10, 79, 2001, 1) (10, 5, 1)
(10, 79, 2001, 1) (10, 5, 1)
(10, 79, 2001, 1) (10, 5, 1)
(10, 79, 2001, 1) (10, 5, 1)
(10, 79, 2001, 1) (10, 5, 1)
(10, 79, 2001, 1) (10, 5, 1)
(10, 79, 2001, 1) (10, 5, 1)
(10, 79, 2001, 1) (10, 5, 1)
(10, 79, 2001, 1) (10, 5, 1)
(10, 79, 2001, 1) (10, 5, 1)
(10, 79, 2001, 1) (10, 5, 1)
(10, 79, 2001, 1) (10, 5, 1)
(10, 79, 2001, 1) (10, 5, 1)
(10, 79, 2001, 1) (10, 5, 1)
(10, 79, 2001, 1) (10, 5, 1)
(10, 79, 2001, 1) (10, 5, 1)
(10, 79, 2001, 1) (10, 5, 1)
(10, 79, 2001, 1) (10, 5, 1)
(10, 79, 2001, 1) (10, 5, 1)
(10, 79, 2001, 1) (10, 5, 1)
(10, 79, 2001, 1) (10, 5, 1)
(10, 79, 2001, 1) (10, 5, 1)
(10, 79, 2001, 1) (10, 5, 1)
(10, 79, 2001, 1) (10, 5, 1)
(10, 79, 2001, 1) (10, 5, 1)
80/80 - 569s - loss: 98.9840 - mse: 0.3275 - val_loss: 98.4081 - val_mse: 0.3366 - 569s/epoch - 7s/step
Epoch 9/20
(10, 79, 2001, 1) (10, 5, 1)
(10, 79, 2001, 1) (10, 5, 1)
(10, 79, 2001, 1) (10, 5, 1)
(10, 79, 2001, 1) (10, 5, 1)
(10, 79, 2001, 1) (10, 5, 1)
(10, 79, 2001, 1) (10, 5, 1)
(10, 79, 2001, 1) (10, 5, 1)
(10, 79, 2001, 1) (10, 5, 1)
(10, 79, 2001, 1) (10, 5, 1)
(10, 79, 2001, 1) (10, 5, 1)
(10, 79, 2001, 1) (10, 5, 1)
(10, 79, 2001, 1) (10, 5, 1)
(10, 79, 2001, 1) (10, 5, 1)
(10, 79, 2001, 1) (10, 5, 1)
(10, 79, 2001, 1) (10, 5, 1)
(10, 79, 2001, 1) (10, 5, 1)
(10, 79, 2001, 1) (10, 5, 1)
(10, 79, 2001, 1) (10, 5, 1)
(10, 79, 2001, 1) (10, 5, 1)
(10, 79, 2001, 1) (10, 5, 1)
(10, 79, 2001, 1) (10, 5, 1)
(10, 79, 2001, 1) (10, 5, 1)
(10, 79, 2001, 1) (10, 5, 1)
(10, 79, 2001, 1) (10, 5, 1)
(10, 79, 2001, 1) (10, 5, 1)
(10, 79, 2001, 1) (10, 5, 1)
(10, 79, 2001, 1) (10, 5, 1)
(10, 79, 2001, 1) (10, 5, 1)
(10, 79, 2001, 1) (10, 5, 1)
(10, 79, 2001, 1) (10, 5, 1)
(10, 79, 2001, 1) (10, 5, 1)
(10, 79, 2001, 1) (10, 5, 1)
(10, 79, 2001, 1) (10, 5, 1)
(10, 79, 2001, 1) (10, 5, 1)
(10, 79, 2001, 1) (10, 5, 1)
(10, 79, 2001, 1) (10, 5, 1)
(10, 79, 2001, 1) (10, 5, 1)
(10, 79, 2001, 1) (10, 5, 1)
(10, 79, 2001, 1) (10, 5, 1)
(10, 79, 2001, 1) (10, 5, 1)
(10, 79, 2001, 1) (10, 5, 1)
(10, 79, 2001, 1) (10, 5, 1)
(10, 79, 2001, 1) (10, 5, 1)
(10, 79, 2001, 1) (10, 5, 1)
(10, 79, 2001, 1) (10, 5, 1)
(10, 79, 2001, 1) (10, 5, 1)
(10, 79, 2001, 1) (10, 5, 1)
(10, 79, 2001, 1) (10, 5, 1)
(10, 79, 2001, 1) (10, 5, 1)
(10, 79, 2001, 1) (10, 5, 1)
(10, 79, 2001, 1) (10, 5, 1)
(10, 79, 2001, 1) (10, 5, 1)
(10, 79, 2001, 1) (10, 5, 1)
(10, 79, 2001, 1) (10, 5, 1)
(10, 79, 2001, 1) (10, 5, 1)
(10, 79, 2001, 1) (10, 5, 1)
(10, 79, 2001, 1) (10, 5, 1)
(10, 79, 2001, 1) (10, 5, 1)
(10, 79, 2001, 1) (10, 5, 1)
(10, 79, 2001, 1) (10, 5, 1)
(10, 79, 2001, 1) (10, 5, 1)
(10, 79, 2001, 1) (10, 5, 1)
(10, 79, 2001, 1) (10, 5, 1)
(10, 79, 2001, 1) (10, 5, 1)
(10, 79, 2001, 1) (10, 5, 1)
(10, 79, 2001, 1) (10, 5, 1)
(10, 79, 2001, 1) (10, 5, 1)
(10, 79, 2001, 1) (10, 5, 1)
(10, 79, 2001, 1) (10, 5, 1)
(10, 79, 2001, 1) (10, 5, 1)
(10, 79, 2001, 1) (10, 5, 1)
(10, 79, 2001, 1) (10, 5, 1)
(10, 79, 2001, 1) (10, 5, 1)
(10, 79, 2001, 1) (10, 5, 1)
(10, 79, 2001, 1) (10, 5, 1)
(10, 79, 2001, 1) (10, 5, 1)
(10, 79, 2001, 1) (10, 5, 1)
(10, 79, 2001, 1) (10, 5, 1)
(10, 79, 2001, 1) (10, 5, 1)
(10, 79, 2001, 1) (10, 5, 1)
(10, 79, 2001, 1) (10, 5, 1)
(10, 79, 2001, 1) (10, 5, 1)
(10, 79, 2001, 1) (10, 5, 1)
(10, 79, 2001, 1) (10, 5, 1)
(10, 79, 2001, 1) (10, 5, 1)
(10, 79, 2001, 1) (10, 5, 1)
(10, 79, 2001, 1) (10, 5, 1)
(10, 79, 2001, 1) (10, 5, 1)
(10, 79, 2001, 1) (10, 5, 1)
(10, 79, 2001, 1) (10, 5, 1)
80/80 - 577s - loss: 98.9753 - mse: 0.3275 - val_loss: 98.4212 - val_mse: 0.3366 - 577s/epoch - 7s/step
Epoch 10/20
(10, 79, 2001, 1) (10, 5, 1)
(10, 79, 2001, 1) (10, 5, 1)
(10, 79, 2001, 1) (10, 5, 1)
(10, 79, 2001, 1) (10, 5, 1)
(10, 79, 2001, 1) (10, 5, 1)
(10, 79, 2001, 1) (10, 5, 1)
(10, 79, 2001, 1) (10, 5, 1)
(10, 79, 2001, 1) (10, 5, 1)
(10, 79, 2001, 1) (10, 5, 1)
(10, 79, 2001, 1) (10, 5, 1)
(10, 79, 2001, 1) (10, 5, 1)
(10, 79, 2001, 1) (10, 5, 1)
(10, 79, 2001, 1) (10, 5, 1)
(10, 79, 2001, 1) (10, 5, 1)
(10, 79, 2001, 1) (10, 5, 1)
(10, 79, 2001, 1) (10, 5, 1)
(10, 79, 2001, 1) (10, 5, 1)
(10, 79, 2001, 1) (10, 5, 1)
(10, 79, 2001, 1) (10, 5, 1)
(10, 79, 2001, 1) (10, 5, 1)
(10, 79, 2001, 1) (10, 5, 1)
(10, 79, 2001, 1) (10, 5, 1)
(10, 79, 2001, 1) (10, 5, 1)
(10, 79, 2001, 1) (10, 5, 1)
(10, 79, 2001, 1) (10, 5, 1)
(10, 79, 2001, 1) (10, 5, 1)
(10, 79, 2001, 1) (10, 5, 1)
(10, 79, 2001, 1) (10, 5, 1)
(10, 79, 2001, 1) (10, 5, 1)
(10, 79, 2001, 1) (10, 5, 1)
(10, 79, 2001, 1) (10, 5, 1)
(10, 79, 2001, 1) (10, 5, 1)
(10, 79, 2001, 1) (10, 5, 1)
(10, 79, 2001, 1) (10, 5, 1)
(10, 79, 2001, 1) (10, 5, 1)
(10, 79, 2001, 1) (10, 5, 1)
(10, 79, 2001, 1) (10, 5, 1)
(10, 79, 2001, 1) (10, 5, 1)
(10, 79, 2001, 1) (10, 5, 1)
(10, 79, 2001, 1) (10, 5, 1)
(10, 79, 2001, 1) (10, 5, 1)
(10, 79, 2001, 1) (10, 5, 1)
(10, 79, 2001, 1) (10, 5, 1)
(10, 79, 2001, 1) (10, 5, 1)
(10, 79, 2001, 1) (10, 5, 1)
(10, 79, 2001, 1) (10, 5, 1)
(10, 79, 2001, 1) (10, 5, 1)
(10, 79, 2001, 1) (10, 5, 1)
(10, 79, 2001, 1) (10, 5, 1)
(10, 79, 2001, 1) (10, 5, 1)
(10, 79, 2001, 1) (10, 5, 1)
(10, 79, 2001, 1) (10, 5, 1)
(10, 79, 2001, 1) (10, 5, 1)
(10, 79, 2001, 1) (10, 5, 1)
(10, 79, 2001, 1) (10, 5, 1)
(10, 79, 2001, 1) (10, 5, 1)
(10, 79, 2001, 1) (10, 5, 1)
(10, 79, 2001, 1) (10, 5, 1)
(10, 79, 2001, 1) (10, 5, 1)
(10, 79, 2001, 1) (10, 5, 1)
(10, 79, 2001, 1) (10, 5, 1)
(10, 79, 2001, 1) (10, 5, 1)
(10, 79, 2001, 1) (10, 5, 1)
(10, 79, 2001, 1) (10, 5, 1)
(10, 79, 2001, 1) (10, 5, 1)
(10, 79, 2001, 1) (10, 5, 1)
(10, 79, 2001, 1) (10, 5, 1)
(10, 79, 2001, 1) (10, 5, 1)
(10, 79, 2001, 1) (10, 5, 1)
(10, 79, 2001, 1) (10, 5, 1)
(10, 79, 2001, 1) (10, 5, 1)
(10, 79, 2001, 1) (10, 5, 1)
(10, 79, 2001, 1) (10, 5, 1)
(10, 79, 2001, 1) (10, 5, 1)
(10, 79, 2001, 1) (10, 5, 1)
(10, 79, 2001, 1) (10, 5, 1)
(10, 79, 2001, 1) (10, 5, 1)
(10, 79, 2001, 1) (10, 5, 1)
(10, 79, 2001, 1) (10, 5, 1)
(10, 79, 2001, 1) (10, 5, 1)
(10, 79, 2001, 1) (10, 5, 1)
(10, 79, 2001, 1) (10, 5, 1)
(10, 79, 2001, 1) (10, 5, 1)
(10, 79, 2001, 1) (10, 5, 1)
(10, 79, 2001, 1) (10, 5, 1)
(10, 79, 2001, 1) (10, 5, 1)
(10, 79, 2001, 1) (10, 5, 1)
(10, 79, 2001, 1) (10, 5, 1)
(10, 79, 2001, 1) (10, 5, 1)
(10, 79, 2001, 1) (10, 5, 1)
80/80 - 594s - loss: 98.9747 - mse: 0.3275 - val_loss: 98.4356 - val_mse: 0.3367 - 594s/epoch - 7s/step
Epoch 11/20
(10, 79, 2001, 1) (10, 5, 1)
(10, 79, 2001, 1) (10, 5, 1)
(10, 79, 2001, 1) (10, 5, 1)
(10, 79, 2001, 1) (10, 5, 1)
(10, 79, 2001, 1) (10, 5, 1)
(10, 79, 2001, 1) (10, 5, 1)
(10, 79, 2001, 1) (10, 5, 1)
(10, 79, 2001, 1) (10, 5, 1)
(10, 79, 2001, 1) (10, 5, 1)
(10, 79, 2001, 1) (10, 5, 1)
(10, 79, 2001, 1) (10, 5, 1)
(10, 79, 2001, 1) (10, 5, 1)
(10, 79, 2001, 1) (10, 5, 1)
(10, 79, 2001, 1) (10, 5, 1)
(10, 79, 2001, 1) (10, 5, 1)
(10, 79, 2001, 1) (10, 5, 1)
(10, 79, 2001, 1) (10, 5, 1)
(10, 79, 2001, 1) (10, 5, 1)
(10, 79, 2001, 1) (10, 5, 1)
(10, 79, 2001, 1) (10, 5, 1)
(10, 79, 2001, 1) (10, 5, 1)
(10, 79, 2001, 1) (10, 5, 1)
(10, 79, 2001, 1) (10, 5, 1)
(10, 79, 2001, 1) (10, 5, 1)
(10, 79, 2001, 1) (10, 5, 1)
(10, 79, 2001, 1) (10, 5, 1)
(10, 79, 2001, 1) (10, 5, 1)
(10, 79, 2001, 1) (10, 5, 1)
(10, 79, 2001, 1) (10, 5, 1)
(10, 79, 2001, 1) (10, 5, 1)
(10, 79, 2001, 1) (10, 5, 1)
(10, 79, 2001, 1) (10, 5, 1)
(10, 79, 2001, 1) (10, 5, 1)
(10, 79, 2001, 1) (10, 5, 1)
(10, 79, 2001, 1) (10, 5, 1)
(10, 79, 2001, 1) (10, 5, 1)
(10, 79, 2001, 1) (10, 5, 1)
(10, 79, 2001, 1) (10, 5, 1)
(10, 79, 2001, 1) (10, 5, 1)
(10, 79, 2001, 1) (10, 5, 1)
(10, 79, 2001, 1) (10, 5, 1)
(10, 79, 2001, 1) (10, 5, 1)
(10, 79, 2001, 1) (10, 5, 1)
(10, 79, 2001, 1) (10, 5, 1)
(10, 79, 2001, 1) (10, 5, 1)
(10, 79, 2001, 1) (10, 5, 1)
(10, 79, 2001, 1) (10, 5, 1)
(10, 79, 2001, 1) (10, 5, 1)
(10, 79, 2001, 1) (10, 5, 1)
(10, 79, 2001, 1) (10, 5, 1)
(10, 79, 2001, 1) (10, 5, 1)
(10, 79, 2001, 1) (10, 5, 1)
(10, 79, 2001, 1) (10, 5, 1)
(10, 79, 2001, 1) (10, 5, 1)
(10, 79, 2001, 1) (10, 5, 1)
(10, 79, 2001, 1) (10, 5, 1)
(10, 79, 2001, 1) (10, 5, 1)
(10, 79, 2001, 1) (10, 5, 1)
(10, 79, 2001, 1) (10, 5, 1)
(10, 79, 2001, 1) (10, 5, 1)
(10, 79, 2001, 1) (10, 5, 1)
(10, 79, 2001, 1) (10, 5, 1)
(10, 79, 2001, 1) (10, 5, 1)
(10, 79, 2001, 1) (10, 5, 1)
(10, 79, 2001, 1) (10, 5, 1)
(10, 79, 2001, 1) (10, 5, 1)
(10, 79, 2001, 1) (10, 5, 1)
(10, 79, 2001, 1) (10, 5, 1)
(10, 79, 2001, 1) (10, 5, 1)
(10, 79, 2001, 1) (10, 5, 1)
(10, 79, 2001, 1) (10, 5, 1)
(10, 79, 2001, 1) (10, 5, 1)
(10, 79, 2001, 1) (10, 5, 1)
(10, 79, 2001, 1) (10, 5, 1)
(10, 79, 2001, 1) (10, 5, 1)
(10, 79, 2001, 1) (10, 5, 1)
(10, 79, 2001, 1) (10, 5, 1)
(10, 79, 2001, 1) (10, 5, 1)
(10, 79, 2001, 1) (10, 5, 1)
(10, 79, 2001, 1) (10, 5, 1)
(10, 79, 2001, 1) (10, 5, 1)
(10, 79, 2001, 1) (10, 5, 1)
(10, 79, 2001, 1) (10, 5, 1)
(10, 79, 2001, 1) (10, 5, 1)
(10, 79, 2001, 1) (10, 5, 1)
(10, 79, 2001, 1) (10, 5, 1)
(10, 79, 2001, 1) (10, 5, 1)
(10, 79, 2001, 1) (10, 5, 1)
(10, 79, 2001, 1) (10, 5, 1)
(10, 79, 2001, 1) (10, 5, 1)
80/80 - 575s - loss: 98.9741 - mse: 0.3276 - val_loss: 98.4503 - val_mse: 0.3367 - 575s/epoch - 7s/step
Epoch 12/20
(10, 79, 2001, 1) (10, 5, 1)
(10, 79, 2001, 1) (10, 5, 1)
(10, 79, 2001, 1) (10, 5, 1)
(10, 79, 2001, 1) (10, 5, 1)
(10, 79, 2001, 1) (10, 5, 1)
(10, 79, 2001, 1) (10, 5, 1)
(10, 79, 2001, 1) (10, 5, 1)
(10, 79, 2001, 1) (10, 5, 1)
(10, 79, 2001, 1) (10, 5, 1)
(10, 79, 2001, 1) (10, 5, 1)
(10, 79, 2001, 1) (10, 5, 1)
(10, 79, 2001, 1) (10, 5, 1)
(10, 79, 2001, 1) (10, 5, 1)
(10, 79, 2001, 1) (10, 5, 1)
(10, 79, 2001, 1) (10, 5, 1)
(10, 79, 2001, 1) (10, 5, 1)
(10, 79, 2001, 1) (10, 5, 1)
(10, 79, 2001, 1) (10, 5, 1)
(10, 79, 2001, 1) (10, 5, 1)
(10, 79, 2001, 1) (10, 5, 1)
(10, 79, 2001, 1) (10, 5, 1)
(10, 79, 2001, 1) (10, 5, 1)
(10, 79, 2001, 1) (10, 5, 1)
(10, 79, 2001, 1) (10, 5, 1)
(10, 79, 2001, 1) (10, 5, 1)
(10, 79, 2001, 1) (10, 5, 1)
(10, 79, 2001, 1) (10, 5, 1)
(10, 79, 2001, 1) (10, 5, 1)
(10, 79, 2001, 1) (10, 5, 1)
(10, 79, 2001, 1) (10, 5, 1)
(10, 79, 2001, 1) (10, 5, 1)
(10, 79, 2001, 1) (10, 5, 1)
(10, 79, 2001, 1) (10, 5, 1)
(10, 79, 2001, 1) (10, 5, 1)
(10, 79, 2001, 1) (10, 5, 1)
(10, 79, 2001, 1) (10, 5, 1)
(10, 79, 2001, 1) (10, 5, 1)
(10, 79, 2001, 1) (10, 5, 1)
(10, 79, 2001, 1) (10, 5, 1)
(10, 79, 2001, 1) (10, 5, 1)
(10, 79, 2001, 1) (10, 5, 1)
(10, 79, 2001, 1) (10, 5, 1)
(10, 79, 2001, 1) (10, 5, 1)
(10, 79, 2001, 1) (10, 5, 1)
(10, 79, 2001, 1) (10, 5, 1)
(10, 79, 2001, 1) (10, 5, 1)
(10, 79, 2001, 1) (10, 5, 1)
(10, 79, 2001, 1) (10, 5, 1)
(10, 79, 2001, 1) (10, 5, 1)
(10, 79, 2001, 1) (10, 5, 1)
(10, 79, 2001, 1) (10, 5, 1)
(10, 79, 2001, 1) (10, 5, 1)
(10, 79, 2001, 1) (10, 5, 1)
(10, 79, 2001, 1) (10, 5, 1)
(10, 79, 2001, 1) (10, 5, 1)
(10, 79, 2001, 1) (10, 5, 1)
(10, 79, 2001, 1) (10, 5, 1)
(10, 79, 2001, 1) (10, 5, 1)
(10, 79, 2001, 1) (10, 5, 1)
(10, 79, 2001, 1) (10, 5, 1)
(10, 79, 2001, 1) (10, 5, 1)
(10, 79, 2001, 1) (10, 5, 1)
(10, 79, 2001, 1) (10, 5, 1)
(10, 79, 2001, 1) (10, 5, 1)
(10, 79, 2001, 1) (10, 5, 1)
(10, 79, 2001, 1) (10, 5, 1)
(10, 79, 2001, 1) (10, 5, 1)
(10, 79, 2001, 1) (10, 5, 1)
(10, 79, 2001, 1) (10, 5, 1)
(10, 79, 2001, 1) (10, 5, 1)
(10, 79, 2001, 1) (10, 5, 1)
(10, 79, 2001, 1) (10, 5, 1)
(10, 79, 2001, 1) (10, 5, 1)
(10, 79, 2001, 1) (10, 5, 1)
(10, 79, 2001, 1) (10, 5, 1)
(10, 79, 2001, 1) (10, 5, 1)
(10, 79, 2001, 1) (10, 5, 1)
(10, 79, 2001, 1) (10, 5, 1)
(10, 79, 2001, 1) (10, 5, 1)
(10, 79, 2001, 1) (10, 5, 1)
(10, 79, 2001, 1) (10, 5, 1)
(10, 79, 2001, 1) (10, 5, 1)
(10, 79, 2001, 1) (10, 5, 1)
(10, 79, 2001, 1) (10, 5, 1)
(10, 79, 2001, 1) (10, 5, 1)
(10, 79, 2001, 1) (10, 5, 1)
(10, 79, 2001, 1) (10, 5, 1)
(10, 79, 2001, 1) (10, 5, 1)
(10, 79, 2001, 1) (10, 5, 1)
(10, 79, 2001, 1) (10, 5, 1)
80/80 - 544s - loss: 98.9825 - mse: 0.3275 - val_loss: 98.4010 - val_mse: 0.3365 - 544s/epoch - 7s/step
Epoch 13/20
(10, 79, 2001, 1) (10, 5, 1)
(10, 79, 2001, 1) (10, 5, 1)
(10, 79, 2001, 1) (10, 5, 1)
(10, 79, 2001, 1) (10, 5, 1)
(10, 79, 2001, 1) (10, 5, 1)
(10, 79, 2001, 1) (10, 5, 1)
(10, 79, 2001, 1) (10, 5, 1)
(10, 79, 2001, 1) (10, 5, 1)
(10, 79, 2001, 1) (10, 5, 1)
(10, 79, 2001, 1) (10, 5, 1)
(10, 79, 2001, 1) (10, 5, 1)
(10, 79, 2001, 1) (10, 5, 1)
(10, 79, 2001, 1) (10, 5, 1)
(10, 79, 2001, 1) (10, 5, 1)
(10, 79, 2001, 1) (10, 5, 1)
(10, 79, 2001, 1) (10, 5, 1)
(10, 79, 2001, 1) (10, 5, 1)
(10, 79, 2001, 1) (10, 5, 1)
(10, 79, 2001, 1) (10, 5, 1)
(10, 79, 2001, 1) (10, 5, 1)
(10, 79, 2001, 1) (10, 5, 1)
(10, 79, 2001, 1) (10, 5, 1)
(10, 79, 2001, 1) (10, 5, 1)
(10, 79, 2001, 1) (10, 5, 1)
(10, 79, 2001, 1) (10, 5, 1)
(10, 79, 2001, 1) (10, 5, 1)
(10, 79, 2001, 1) (10, 5, 1)
(10, 79, 2001, 1) (10, 5, 1)
(10, 79, 2001, 1) (10, 5, 1)
(10, 79, 2001, 1) (10, 5, 1)
(10, 79, 2001, 1) (10, 5, 1)
(10, 79, 2001, 1) (10, 5, 1)
(10, 79, 2001, 1) (10, 5, 1)
(10, 79, 2001, 1) (10, 5, 1)
(10, 79, 2001, 1) (10, 5, 1)
(10, 79, 2001, 1) (10, 5, 1)
(10, 79, 2001, 1) (10, 5, 1)
(10, 79, 2001, 1) (10, 5, 1)
(10, 79, 2001, 1) (10, 5, 1)
(10, 79, 2001, 1) (10, 5, 1)
(10, 79, 2001, 1) (10, 5, 1)
(10, 79, 2001, 1) (10, 5, 1)
(10, 79, 2001, 1) (10, 5, 1)
(10, 79, 2001, 1) (10, 5, 1)
(10, 79, 2001, 1) (10, 5, 1)
(10, 79, 2001, 1) (10, 5, 1)
(10, 79, 2001, 1) (10, 5, 1)
(10, 79, 2001, 1) (10, 5, 1)
(10, 79, 2001, 1) (10, 5, 1)
(10, 79, 2001, 1) (10, 5, 1)
(10, 79, 2001, 1) (10, 5, 1)
(10, 79, 2001, 1) (10, 5, 1)
(10, 79, 2001, 1) (10, 5, 1)
(10, 79, 2001, 1) (10, 5, 1)
(10, 79, 2001, 1) (10, 5, 1)
(10, 79, 2001, 1) (10, 5, 1)
(10, 79, 2001, 1) (10, 5, 1)
(10, 79, 2001, 1) (10, 5, 1)
(10, 79, 2001, 1) (10, 5, 1)
(10, 79, 2001, 1) (10, 5, 1)
(10, 79, 2001, 1) (10, 5, 1)
(10, 79, 2001, 1) (10, 5, 1)
(10, 79, 2001, 1) (10, 5, 1)
(10, 79, 2001, 1) (10, 5, 1)
(10, 79, 2001, 1) (10, 5, 1)
(10, 79, 2001, 1) (10, 5, 1)
(10, 79, 2001, 1) (10, 5, 1)
(10, 79, 2001, 1) (10, 5, 1)
(10, 79, 2001, 1) (10, 5, 1)
(10, 79, 2001, 1) (10, 5, 1)
(10, 79, 2001, 1) (10, 5, 1)
(10, 79, 2001, 1) (10, 5, 1)
(10, 79, 2001, 1) (10, 5, 1)
(10, 79, 2001, 1) (10, 5, 1)
(10, 79, 2001, 1) (10, 5, 1)
(10, 79, 2001, 1) (10, 5, 1)
(10, 79, 2001, 1) (10, 5, 1)
(10, 79, 2001, 1) (10, 5, 1)
(10, 79, 2001, 1) (10, 5, 1)
(10, 79, 2001, 1) (10, 5, 1)
(10, 79, 2001, 1) (10, 5, 1)
(10, 79, 2001, 1) (10, 5, 1)
(10, 79, 2001, 1) (10, 5, 1)
(10, 79, 2001, 1) (10, 5, 1)
(10, 79, 2001, 1) (10, 5, 1)
(10, 79, 2001, 1) (10, 5, 1)
(10, 79, 2001, 1) (10, 5, 1)
(10, 79, 2001, 1) (10, 5, 1)
(10, 79, 2001, 1) (10, 5, 1)
(10, 79, 2001, 1) (10, 5, 1)
80/80 - 533s - loss: 98.9739 - mse: 0.3274 - val_loss: 98.4155 - val_mse: 0.3366 - 533s/epoch - 7s/step
Epoch 14/20
(10, 79, 2001, 1) (10, 5, 1)
(10, 79, 2001, 1) (10, 5, 1)
(10, 79, 2001, 1) (10, 5, 1)
(10, 79, 2001, 1) (10, 5, 1)
(10, 79, 2001, 1) (10, 5, 1)
(10, 79, 2001, 1) (10, 5, 1)
(10, 79, 2001, 1) (10, 5, 1)
(10, 79, 2001, 1) (10, 5, 1)
(10, 79, 2001, 1) (10, 5, 1)
(10, 79, 2001, 1) (10, 5, 1)
(10, 79, 2001, 1) (10, 5, 1)
(10, 79, 2001, 1) (10, 5, 1)
(10, 79, 2001, 1) (10, 5, 1)
(10, 79, 2001, 1) (10, 5, 1)
(10, 79, 2001, 1) (10, 5, 1)
(10, 79, 2001, 1) (10, 5, 1)
(10, 79, 2001, 1) (10, 5, 1)
(10, 79, 2001, 1) (10, 5, 1)
(10, 79, 2001, 1) (10, 5, 1)
(10, 79, 2001, 1) (10, 5, 1)
(10, 79, 2001, 1) (10, 5, 1)
(10, 79, 2001, 1) (10, 5, 1)
(10, 79, 2001, 1) (10, 5, 1)
(10, 79, 2001, 1) (10, 5, 1)
(10, 79, 2001, 1) (10, 5, 1)
(10, 79, 2001, 1) (10, 5, 1)
(10, 79, 2001, 1) (10, 5, 1)
(10, 79, 2001, 1) (10, 5, 1)
(10, 79, 2001, 1) (10, 5, 1)
(10, 79, 2001, 1) (10, 5, 1)
(10, 79, 2001, 1) (10, 5, 1)
(10, 79, 2001, 1) (10, 5, 1)
(10, 79, 2001, 1) (10, 5, 1)
(10, 79, 2001, 1) (10, 5, 1)
(10, 79, 2001, 1) (10, 5, 1)
(10, 79, 2001, 1) (10, 5, 1)
(10, 79, 2001, 1) (10, 5, 1)
(10, 79, 2001, 1) (10, 5, 1)
(10, 79, 2001, 1) (10, 5, 1)
(10, 79, 2001, 1) (10, 5, 1)
(10, 79, 2001, 1) (10, 5, 1)
(10, 79, 2001, 1) (10, 5, 1)
(10, 79, 2001, 1) (10, 5, 1)
(10, 79, 2001, 1) (10, 5, 1)
(10, 79, 2001, 1) (10, 5, 1)
(10, 79, 2001, 1) (10, 5, 1)
(10, 79, 2001, 1) (10, 5, 1)
(10, 79, 2001, 1) (10, 5, 1)
(10, 79, 2001, 1) (10, 5, 1)
(10, 79, 2001, 1) (10, 5, 1)
(10, 79, 2001, 1) (10, 5, 1)
(10, 79, 2001, 1) (10, 5, 1)
(10, 79, 2001, 1) (10, 5, 1)
(10, 79, 2001, 1) (10, 5, 1)
(10, 79, 2001, 1) (10, 5, 1)
(10, 79, 2001, 1) (10, 5, 1)
(10, 79, 2001, 1) (10, 5, 1)
(10, 79, 2001, 1) (10, 5, 1)
(10, 79, 2001, 1) (10, 5, 1)
(10, 79, 2001, 1) (10, 5, 1)
(10, 79, 2001, 1) (10, 5, 1)
(10, 79, 2001, 1) (10, 5, 1)
(10, 79, 2001, 1) (10, 5, 1)
(10, 79, 2001, 1) (10, 5, 1)
(10, 79, 2001, 1) (10, 5, 1)
(10, 79, 2001, 1) (10, 5, 1)
(10, 79, 2001, 1) (10, 5, 1)
(10, 79, 2001, 1) (10, 5, 1)
(10, 79, 2001, 1) (10, 5, 1)
(10, 79, 2001, 1) (10, 5, 1)
(10, 79, 2001, 1) (10, 5, 1)
(10, 79, 2001, 1) (10, 5, 1)
(10, 79, 2001, 1) (10, 5, 1)
(10, 79, 2001, 1) (10, 5, 1)
(10, 79, 2001, 1) (10, 5, 1)
(10, 79, 2001, 1) (10, 5, 1)
(10, 79, 2001, 1) (10, 5, 1)
(10, 79, 2001, 1) (10, 5, 1)
(10, 79, 2001, 1) (10, 5, 1)
(10, 79, 2001, 1) (10, 5, 1)
(10, 79, 2001, 1) (10, 5, 1)
(10, 79, 2001, 1) (10, 5, 1)
(10, 79, 2001, 1) (10, 5, 1)
(10, 79, 2001, 1) (10, 5, 1)
(10, 79, 2001, 1) (10, 5, 1)
(10, 79, 2001, 1) (10, 5, 1)
(10, 79, 2001, 1) (10, 5, 1)
(10, 79, 2001, 1) (10, 5, 1)
(10, 79, 2001, 1) (10, 5, 1)
(10, 79, 2001, 1) (10, 5, 1)
80/80 - 528s - loss: 98.9731 - mse: 0.3275 - val_loss: 98.4311 - val_mse: 0.3366 - 528s/epoch - 7s/step
Epoch 15/20
(10, 79, 2001, 1) (10, 5, 1)
(10, 79, 2001, 1) (10, 5, 1)
(10, 79, 2001, 1) (10, 5, 1)
(10, 79, 2001, 1) (10, 5, 1)
(10, 79, 2001, 1) (10, 5, 1)
(10, 79, 2001, 1) (10, 5, 1)
(10, 79, 2001, 1) (10, 5, 1)
(10, 79, 2001, 1) (10, 5, 1)
(10, 79, 2001, 1) (10, 5, 1)
(10, 79, 2001, 1) (10, 5, 1)
(10, 79, 2001, 1) (10, 5, 1)
(10, 79, 2001, 1) (10, 5, 1)
(10, 79, 2001, 1) (10, 5, 1)
(10, 79, 2001, 1) (10, 5, 1)
(10, 79, 2001, 1) (10, 5, 1)
(10, 79, 2001, 1) (10, 5, 1)
(10, 79, 2001, 1) (10, 5, 1)
(10, 79, 2001, 1) (10, 5, 1)
(10, 79, 2001, 1) (10, 5, 1)
(10, 79, 2001, 1) (10, 5, 1)
(10, 79, 2001, 1) (10, 5, 1)
(10, 79, 2001, 1) (10, 5, 1)
(10, 79, 2001, 1) (10, 5, 1)
(10, 79, 2001, 1) (10, 5, 1)
(10, 79, 2001, 1) (10, 5, 1)
(10, 79, 2001, 1) (10, 5, 1)
(10, 79, 2001, 1) (10, 5, 1)
(10, 79, 2001, 1) (10, 5, 1)
(10, 79, 2001, 1) (10, 5, 1)
(10, 79, 2001, 1) (10, 5, 1)
(10, 79, 2001, 1) (10, 5, 1)
(10, 79, 2001, 1) (10, 5, 1)
(10, 79, 2001, 1) (10, 5, 1)
(10, 79, 2001, 1) (10, 5, 1)
(10, 79, 2001, 1) (10, 5, 1)
(10, 79, 2001, 1) (10, 5, 1)
(10, 79, 2001, 1) (10, 5, 1)
(10, 79, 2001, 1) (10, 5, 1)
(10, 79, 2001, 1) (10, 5, 1)
(10, 79, 2001, 1) (10, 5, 1)
(10, 79, 2001, 1) (10, 5, 1)
(10, 79, 2001, 1) (10, 5, 1)
(10, 79, 2001, 1) (10, 5, 1)
(10, 79, 2001, 1) (10, 5, 1)
(10, 79, 2001, 1) (10, 5, 1)
(10, 79, 2001, 1) (10, 5, 1)
(10, 79, 2001, 1) (10, 5, 1)
(10, 79, 2001, 1) (10, 5, 1)
(10, 79, 2001, 1) (10, 5, 1)
(10, 79, 2001, 1) (10, 5, 1)
(10, 79, 2001, 1) (10, 5, 1)
(10, 79, 2001, 1) (10, 5, 1)
(10, 79, 2001, 1) (10, 5, 1)
(10, 79, 2001, 1) (10, 5, 1)
(10, 79, 2001, 1) (10, 5, 1)
(10, 79, 2001, 1) (10, 5, 1)
(10, 79, 2001, 1) (10, 5, 1)
(10, 79, 2001, 1) (10, 5, 1)
(10, 79, 2001, 1) (10, 5, 1)
(10, 79, 2001, 1) (10, 5, 1)
(10, 79, 2001, 1) (10, 5, 1)
(10, 79, 2001, 1) (10, 5, 1)
(10, 79, 2001, 1) (10, 5, 1)
(10, 79, 2001, 1) (10, 5, 1)
(10, 79, 2001, 1) (10, 5, 1)
(10, 79, 2001, 1) (10, 5, 1)
(10, 79, 2001, 1) (10, 5, 1)
(10, 79, 2001, 1) (10, 5, 1)
(10, 79, 2001, 1) (10, 5, 1)
(10, 79, 2001, 1) (10, 5, 1)
(10, 79, 2001, 1) (10, 5, 1)
(10, 79, 2001, 1) (10, 5, 1)
(10, 79, 2001, 1) (10, 5, 1)
(10, 79, 2001, 1) (10, 5, 1)
(10, 79, 2001, 1) (10, 5, 1)
(10, 79, 2001, 1) (10, 5, 1)
(10, 79, 2001, 1) (10, 5, 1)
(10, 79, 2001, 1) (10, 5, 1)
(10, 79, 2001, 1) (10, 5, 1)
(10, 79, 2001, 1) (10, 5, 1)
(10, 79, 2001, 1) (10, 5, 1)
(10, 79, 2001, 1) (10, 5, 1)
(10, 79, 2001, 1) (10, 5, 1)
(10, 79, 2001, 1) (10, 5, 1)
(10, 79, 2001, 1) (10, 5, 1)
(10, 79, 2001, 1) (10, 5, 1)
(10, 79, 2001, 1) (10, 5, 1)
(10, 79, 2001, 1) (10, 5, 1)
(10, 79, 2001, 1) (10, 5, 1)
(10, 79, 2001, 1) (10, 5, 1)
80/80 - 527s - loss: 98.9724 - mse: 0.3276 - val_loss: 98.4467 - val_mse: 0.3367 - 527s/epoch - 7s/step
Epoch 16/20
(10, 79, 2001, 1) (10, 5, 1)
(10, 79, 2001, 1) (10, 5, 1)
(10, 79, 2001, 1) (10, 5, 1)
(10, 79, 2001, 1) (10, 5, 1)
(10, 79, 2001, 1) (10, 5, 1)
(10, 79, 2001, 1) (10, 5, 1)
(10, 79, 2001, 1) (10, 5, 1)
(10, 79, 2001, 1) (10, 5, 1)
(10, 79, 2001, 1) (10, 5, 1)
(10, 79, 2001, 1) (10, 5, 1)
(10, 79, 2001, 1) (10, 5, 1)
(10, 79, 2001, 1) (10, 5, 1)
(10, 79, 2001, 1) (10, 5, 1)
(10, 79, 2001, 1) (10, 5, 1)
(10, 79, 2001, 1) (10, 5, 1)
(10, 79, 2001, 1) (10, 5, 1)
(10, 79, 2001, 1) (10, 5, 1)
(10, 79, 2001, 1) (10, 5, 1)
(10, 79, 2001, 1) (10, 5, 1)
(10, 79, 2001, 1) (10, 5, 1)
(10, 79, 2001, 1) (10, 5, 1)
(10, 79, 2001, 1) (10, 5, 1)
(10, 79, 2001, 1) (10, 5, 1)
(10, 79, 2001, 1) (10, 5, 1)
(10, 79, 2001, 1) (10, 5, 1)
(10, 79, 2001, 1) (10, 5, 1)
(10, 79, 2001, 1) (10, 5, 1)
(10, 79, 2001, 1) (10, 5, 1)
(10, 79, 2001, 1) (10, 5, 1)
(10, 79, 2001, 1) (10, 5, 1)
(10, 79, 2001, 1) (10, 5, 1)
(10, 79, 2001, 1) (10, 5, 1)
(10, 79, 2001, 1) (10, 5, 1)
(10, 79, 2001, 1) (10, 5, 1)
(10, 79, 2001, 1) (10, 5, 1)
(10, 79, 2001, 1) (10, 5, 1)
(10, 79, 2001, 1) (10, 5, 1)
(10, 79, 2001, 1) (10, 5, 1)
(10, 79, 2001, 1) (10, 5, 1)
(10, 79, 2001, 1) (10, 5, 1)
(10, 79, 2001, 1) (10, 5, 1)
(10, 79, 2001, 1) (10, 5, 1)
(10, 79, 2001, 1) (10, 5, 1)
(10, 79, 2001, 1) (10, 5, 1)
(10, 79, 2001, 1) (10, 5, 1)
(10, 79, 2001, 1) (10, 5, 1)
(10, 79, 2001, 1) (10, 5, 1)
(10, 79, 2001, 1) (10, 5, 1)
(10, 79, 2001, 1) (10, 5, 1)
(10, 79, 2001, 1) (10, 5, 1)
(10, 79, 2001, 1) (10, 5, 1)
(10, 79, 2001, 1) (10, 5, 1)
(10, 79, 2001, 1) (10, 5, 1)
(10, 79, 2001, 1) (10, 5, 1)
(10, 79, 2001, 1) (10, 5, 1)
(10, 79, 2001, 1) (10, 5, 1)
(10, 79, 2001, 1) (10, 5, 1)
(10, 79, 2001, 1) (10, 5, 1)
(10, 79, 2001, 1) (10, 5, 1)
(10, 79, 2001, 1) (10, 5, 1)
(10, 79, 2001, 1) (10, 5, 1)
(10, 79, 2001, 1) (10, 5, 1)
(10, 79, 2001, 1) (10, 5, 1)
(10, 79, 2001, 1) (10, 5, 1)
(10, 79, 2001, 1) (10, 5, 1)
(10, 79, 2001, 1) (10, 5, 1)
(10, 79, 2001, 1) (10, 5, 1)
(10, 79, 2001, 1) (10, 5, 1)
(10, 79, 2001, 1) (10, 5, 1)
(10, 79, 2001, 1) (10, 5, 1)
(10, 79, 2001, 1) (10, 5, 1)
(10, 79, 2001, 1) (10, 5, 1)
(10, 79, 2001, 1) (10, 5, 1)
(10, 79, 2001, 1) (10, 5, 1)
(10, 79, 2001, 1) (10, 5, 1)
(10, 79, 2001, 1) (10, 5, 1)
(10, 79, 2001, 1) (10, 5, 1)
(10, 79, 2001, 1) (10, 5, 1)
(10, 79, 2001, 1) (10, 5, 1)
(10, 79, 2001, 1) (10, 5, 1)
(10, 79, 2001, 1) (10, 5, 1)
(10, 79, 2001, 1) (10, 5, 1)
(10, 79, 2001, 1) (10, 5, 1)
(10, 79, 2001, 1) (10, 5, 1)
(10, 79, 2001, 1) (10, 5, 1)
(10, 79, 2001, 1) (10, 5, 1)
(10, 79, 2001, 1) (10, 5, 1)
(10, 79, 2001, 1) (10, 5, 1)
(10, 79, 2001, 1) (10, 5, 1)
(10, 79, 2001, 1) (10, 5, 1)
80/80 - 527s - loss: 98.9808 - mse: 0.3275 - val_loss: 98.3992 - val_mse: 0.3365 - 527s/epoch - 7s/step
Epoch 17/20
(10, 79, 2001, 1) (10, 5, 1)
(10, 79, 2001, 1) (10, 5, 1)
(10, 79, 2001, 1) (10, 5, 1)
(10, 79, 2001, 1) (10, 5, 1)
(10, 79, 2001, 1) (10, 5, 1)
(10, 79, 2001, 1) (10, 5, 1)
(10, 79, 2001, 1) (10, 5, 1)
(10, 79, 2001, 1) (10, 5, 1)
(10, 79, 2001, 1) (10, 5, 1)
(10, 79, 2001, 1) (10, 5, 1)
(10, 79, 2001, 1) (10, 5, 1)
(10, 79, 2001, 1) (10, 5, 1)
(10, 79, 2001, 1) (10, 5, 1)
(10, 79, 2001, 1) (10, 5, 1)
(10, 79, 2001, 1) (10, 5, 1)
(10, 79, 2001, 1) (10, 5, 1)
(10, 79, 2001, 1) (10, 5, 1)
(10, 79, 2001, 1) (10, 5, 1)
(10, 79, 2001, 1) (10, 5, 1)
(10, 79, 2001, 1) (10, 5, 1)
(10, 79, 2001, 1) (10, 5, 1)
(10, 79, 2001, 1) (10, 5, 1)
(10, 79, 2001, 1) (10, 5, 1)
(10, 79, 2001, 1) (10, 5, 1)
(10, 79, 2001, 1) (10, 5, 1)
(10, 79, 2001, 1) (10, 5, 1)
(10, 79, 2001, 1) (10, 5, 1)
(10, 79, 2001, 1) (10, 5, 1)
(10, 79, 2001, 1) (10, 5, 1)
(10, 79, 2001, 1) (10, 5, 1)
(10, 79, 2001, 1) (10, 5, 1)
(10, 79, 2001, 1) (10, 5, 1)
(10, 79, 2001, 1) (10, 5, 1)
(10, 79, 2001, 1) (10, 5, 1)
(10, 79, 2001, 1) (10, 5, 1)
(10, 79, 2001, 1) (10, 5, 1)
(10, 79, 2001, 1) (10, 5, 1)
(10, 79, 2001, 1) (10, 5, 1)
(10, 79, 2001, 1) (10, 5, 1)
(10, 79, 2001, 1) (10, 5, 1)
(10, 79, 2001, 1) (10, 5, 1)
(10, 79, 2001, 1) (10, 5, 1)
(10, 79, 2001, 1) (10, 5, 1)
(10, 79, 2001, 1) (10, 5, 1)
(10, 79, 2001, 1) (10, 5, 1)
(10, 79, 2001, 1) (10, 5, 1)
(10, 79, 2001, 1) (10, 5, 1)
(10, 79, 2001, 1) (10, 5, 1)
(10, 79, 2001, 1) (10, 5, 1)
(10, 79, 2001, 1) (10, 5, 1)
(10, 79, 2001, 1) (10, 5, 1)
(10, 79, 2001, 1) (10, 5, 1)
(10, 79, 2001, 1) (10, 5, 1)
(10, 79, 2001, 1) (10, 5, 1)
(10, 79, 2001, 1) (10, 5, 1)
(10, 79, 2001, 1) (10, 5, 1)
(10, 79, 2001, 1) (10, 5, 1)
(10, 79, 2001, 1) (10, 5, 1)
(10, 79, 2001, 1) (10, 5, 1)
(10, 79, 2001, 1) (10, 5, 1)
(10, 79, 2001, 1) (10, 5, 1)
(10, 79, 2001, 1) (10, 5, 1)
(10, 79, 2001, 1) (10, 5, 1)
(10, 79, 2001, 1) (10, 5, 1)
(10, 79, 2001, 1) (10, 5, 1)
(10, 79, 2001, 1) (10, 5, 1)
(10, 79, 2001, 1) (10, 5, 1)
(10, 79, 2001, 1) (10, 5, 1)
(10, 79, 2001, 1) (10, 5, 1)
(10, 79, 2001, 1) (10, 5, 1)
(10, 79, 2001, 1) (10, 5, 1)
(10, 79, 2001, 1) (10, 5, 1)
(10, 79, 2001, 1) (10, 5, 1)
(10, 79, 2001, 1) (10, 5, 1)
(10, 79, 2001, 1) (10, 5, 1)
(10, 79, 2001, 1) (10, 5, 1)
(10, 79, 2001, 1) (10, 5, 1)
(10, 79, 2001, 1) (10, 5, 1)
(10, 79, 2001, 1) (10, 5, 1)
(10, 79, 2001, 1) (10, 5, 1)
(10, 79, 2001, 1) (10, 5, 1)
(10, 79, 2001, 1) (10, 5, 1)
(10, 79, 2001, 1) (10, 5, 1)
(10, 79, 2001, 1) (10, 5, 1)
(10, 79, 2001, 1) (10, 5, 1)
(10, 79, 2001, 1) (10, 5, 1)
(10, 79, 2001, 1) (10, 5, 1)
(10, 79, 2001, 1) (10, 5, 1)
(10, 79, 2001, 1) (10, 5, 1)
(10, 79, 2001, 1) (10, 5, 1)
80/80 - 522s - loss: 98.9717 - mse: 0.3274 - val_loss: 98.4048 - val_mse: 0.3365 - 522s/epoch - 7s/step
Epoch 18/20
(10, 79, 2001, 1) (10, 5, 1)
(10, 79, 2001, 1) (10, 5, 1)
(10, 79, 2001, 1) (10, 5, 1)
(10, 79, 2001, 1) (10, 5, 1)
(10, 79, 2001, 1) (10, 5, 1)
(10, 79, 2001, 1) (10, 5, 1)
(10, 79, 2001, 1) (10, 5, 1)
(10, 79, 2001, 1) (10, 5, 1)
(10, 79, 2001, 1) (10, 5, 1)
(10, 79, 2001, 1) (10, 5, 1)
(10, 79, 2001, 1) (10, 5, 1)
(10, 79, 2001, 1) (10, 5, 1)
(10, 79, 2001, 1) (10, 5, 1)
(10, 79, 2001, 1) (10, 5, 1)
(10, 79, 2001, 1) (10, 5, 1)
(10, 79, 2001, 1) (10, 5, 1)
(10, 79, 2001, 1) (10, 5, 1)
(10, 79, 2001, 1) (10, 5, 1)
(10, 79, 2001, 1) (10, 5, 1)
(10, 79, 2001, 1) (10, 5, 1)
(10, 79, 2001, 1) (10, 5, 1)
(10, 79, 2001, 1) (10, 5, 1)
(10, 79, 2001, 1) (10, 5, 1)
(10, 79, 2001, 1) (10, 5, 1)
(10, 79, 2001, 1) (10, 5, 1)
(10, 79, 2001, 1) (10, 5, 1)
(10, 79, 2001, 1) (10, 5, 1)
(10, 79, 2001, 1) (10, 5, 1)
(10, 79, 2001, 1) (10, 5, 1)
(10, 79, 2001, 1) (10, 5, 1)
(10, 79, 2001, 1) (10, 5, 1)
(10, 79, 2001, 1) (10, 5, 1)
(10, 79, 2001, 1) (10, 5, 1)
(10, 79, 2001, 1) (10, 5, 1)
(10, 79, 2001, 1) (10, 5, 1)
(10, 79, 2001, 1) (10, 5, 1)
(10, 79, 2001, 1) (10, 5, 1)
(10, 79, 2001, 1) (10, 5, 1)
(10, 79, 2001, 1) (10, 5, 1)
(10, 79, 2001, 1) (10, 5, 1)
(10, 79, 2001, 1) (10, 5, 1)
(10, 79, 2001, 1) (10, 5, 1)
(10, 79, 2001, 1) (10, 5, 1)
(10, 79, 2001, 1) (10, 5, 1)
(10, 79, 2001, 1) (10, 5, 1)
(10, 79, 2001, 1) (10, 5, 1)
(10, 79, 2001, 1) (10, 5, 1)
(10, 79, 2001, 1) (10, 5, 1)
(10, 79, 2001, 1) (10, 5, 1)
(10, 79, 2001, 1) (10, 5, 1)
(10, 79, 2001, 1) (10, 5, 1)
(10, 79, 2001, 1) (10, 5, 1)
(10, 79, 2001, 1) (10, 5, 1)
(10, 79, 2001, 1) (10, 5, 1)
(10, 79, 2001, 1) (10, 5, 1)
(10, 79, 2001, 1) (10, 5, 1)
(10, 79, 2001, 1) (10, 5, 1)
(10, 79, 2001, 1) (10, 5, 1)
(10, 79, 2001, 1) (10, 5, 1)
(10, 79, 2001, 1) (10, 5, 1)
(10, 79, 2001, 1) (10, 5, 1)
(10, 79, 2001, 1) (10, 5, 1)
(10, 79, 2001, 1) (10, 5, 1)
(10, 79, 2001, 1) (10, 5, 1)
(10, 79, 2001, 1) (10, 5, 1)
(10, 79, 2001, 1) (10, 5, 1)
(10, 79, 2001, 1) (10, 5, 1)
(10, 79, 2001, 1) (10, 5, 1)
(10, 79, 2001, 1) (10, 5, 1)
(10, 79, 2001, 1) (10, 5, 1)
(10, 79, 2001, 1) (10, 5, 1)
(10, 79, 2001, 1) (10, 5, 1)
(10, 79, 2001, 1) (10, 5, 1)
(10, 79, 2001, 1) (10, 5, 1)
(10, 79, 2001, 1) (10, 5, 1)
(10, 79, 2001, 1) (10, 5, 1)
(10, 79, 2001, 1) (10, 5, 1)
(10, 79, 2001, 1) (10, 5, 1)
(10, 79, 2001, 1) (10, 5, 1)
(10, 79, 2001, 1) (10, 5, 1)
(10, 79, 2001, 1) (10, 5, 1)
(10, 79, 2001, 1) (10, 5, 1)
(10, 79, 2001, 1) (10, 5, 1)
(10, 79, 2001, 1) (10, 5, 1)
(10, 79, 2001, 1) (10, 5, 1)
(10, 79, 2001, 1) (10, 5, 1)
(10, 79, 2001, 1) (10, 5, 1)
(10, 79, 2001, 1) (10, 5, 1)
(10, 79, 2001, 1) (10, 5, 1)
(10, 79, 2001, 1) (10, 5, 1)
80/80 - 519s - loss: 98.9690 - mse: 0.3275 - val_loss: 98.4211 - val_mse: 0.3366 - 519s/epoch - 6s/step
Epoch 19/20
(10, 79, 2001, 1) (10, 5, 1)
(10, 79, 2001, 1) (10, 5, 1)
(10, 79, 2001, 1) (10, 5, 1)
(10, 79, 2001, 1) (10, 5, 1)
(10, 79, 2001, 1) (10, 5, 1)
(10, 79, 2001, 1) (10, 5, 1)
(10, 79, 2001, 1) (10, 5, 1)
(10, 79, 2001, 1) (10, 5, 1)
(10, 79, 2001, 1) (10, 5, 1)
(10, 79, 2001, 1) (10, 5, 1)
(10, 79, 2001, 1) (10, 5, 1)
(10, 79, 2001, 1) (10, 5, 1)
(10, 79, 2001, 1) (10, 5, 1)
(10, 79, 2001, 1) (10, 5, 1)
(10, 79, 2001, 1) (10, 5, 1)
(10, 79, 2001, 1) (10, 5, 1)
(10, 79, 2001, 1) (10, 5, 1)
(10, 79, 2001, 1) (10, 5, 1)
(10, 79, 2001, 1) (10, 5, 1)
(10, 79, 2001, 1) (10, 5, 1)
(10, 79, 2001, 1) (10, 5, 1)
(10, 79, 2001, 1) (10, 5, 1)
(10, 79, 2001, 1) (10, 5, 1)
(10, 79, 2001, 1) (10, 5, 1)
(10, 79, 2001, 1) (10, 5, 1)
(10, 79, 2001, 1) (10, 5, 1)
(10, 79, 2001, 1) (10, 5, 1)
(10, 79, 2001, 1) (10, 5, 1)
(10, 79, 2001, 1) (10, 5, 1)
(10, 79, 2001, 1) (10, 5, 1)
(10, 79, 2001, 1) (10, 5, 1)
(10, 79, 2001, 1) (10, 5, 1)
(10, 79, 2001, 1) (10, 5, 1)
(10, 79, 2001, 1) (10, 5, 1)
(10, 79, 2001, 1) (10, 5, 1)
(10, 79, 2001, 1) (10, 5, 1)
(10, 79, 2001, 1) (10, 5, 1)
(10, 79, 2001, 1) (10, 5, 1)
(10, 79, 2001, 1) (10, 5, 1)
(10, 79, 2001, 1) (10, 5, 1)
(10, 79, 2001, 1) (10, 5, 1)
(10, 79, 2001, 1) (10, 5, 1)
(10, 79, 2001, 1) (10, 5, 1)
(10, 79, 2001, 1) (10, 5, 1)
(10, 79, 2001, 1) (10, 5, 1)
(10, 79, 2001, 1) (10, 5, 1)
(10, 79, 2001, 1) (10, 5, 1)
(10, 79, 2001, 1) (10, 5, 1)
(10, 79, 2001, 1) (10, 5, 1)
(10, 79, 2001, 1) (10, 5, 1)
(10, 79, 2001, 1) (10, 5, 1)
(10, 79, 2001, 1) (10, 5, 1)
(10, 79, 2001, 1) (10, 5, 1)
(10, 79, 2001, 1) (10, 5, 1)
(10, 79, 2001, 1) (10, 5, 1)
(10, 79, 2001, 1) (10, 5, 1)
(10, 79, 2001, 1) (10, 5, 1)
(10, 79, 2001, 1) (10, 5, 1)
(10, 79, 2001, 1) (10, 5, 1)
(10, 79, 2001, 1) (10, 5, 1)
(10, 79, 2001, 1) (10, 5, 1)
(10, 79, 2001, 1) (10, 5, 1)
(10, 79, 2001, 1) (10, 5, 1)
(10, 79, 2001, 1) (10, 5, 1)
(10, 79, 2001, 1) (10, 5, 1)
(10, 79, 2001, 1) (10, 5, 1)
(10, 79, 2001, 1) (10, 5, 1)
(10, 79, 2001, 1) (10, 5, 1)
(10, 79, 2001, 1) (10, 5, 1)
(10, 79, 2001, 1) (10, 5, 1)
(10, 79, 2001, 1) (10, 5, 1)
(10, 79, 2001, 1) (10, 5, 1)
(10, 79, 2001, 1) (10, 5, 1)
(10, 79, 2001, 1) (10, 5, 1)
(10, 79, 2001, 1) (10, 5, 1)
(10, 79, 2001, 1) (10, 5, 1)
(10, 79, 2001, 1) (10, 5, 1)
(10, 79, 2001, 1) (10, 5, 1)
(10, 79, 2001, 1) (10, 5, 1)
(10, 79, 2001, 1) (10, 5, 1)
(10, 79, 2001, 1) (10, 5, 1)
(10, 79, 2001, 1) (10, 5, 1)
(10, 79, 2001, 1) (10, 5, 1)
(10, 79, 2001, 1) (10, 5, 1)
(10, 79, 2001, 1) (10, 5, 1)
(10, 79, 2001, 1) (10, 5, 1)
(10, 79, 2001, 1) (10, 5, 1)
(10, 79, 2001, 1) (10, 5, 1)
(10, 79, 2001, 1) (10, 5, 1)
(10, 79, 2001, 1) (10, 5, 1)
80/80 - 521s - loss: 98.9682 - mse: 0.3275 - val_loss: 98.4373 - val_mse: 0.3367 - 521s/epoch - 7s/step
Epoch 20/20
(10, 79, 2001, 1) (10, 5, 1)
(10, 79, 2001, 1) (10, 5, 1)
(10, 79, 2001, 1) (10, 5, 1)
(10, 79, 2001, 1) (10, 5, 1)
(10, 79, 2001, 1) (10, 5, 1)
(10, 79, 2001, 1) (10, 5, 1)
(10, 79, 2001, 1) (10, 5, 1)
(10, 79, 2001, 1) (10, 5, 1)
(10, 79, 2001, 1) (10, 5, 1)
(10, 79, 2001, 1) (10, 5, 1)
(10, 79, 2001, 1) (10, 5, 1)
(10, 79, 2001, 1) (10, 5, 1)
(10, 79, 2001, 1) (10, 5, 1)
(10, 79, 2001, 1) (10, 5, 1)
(10, 79, 2001, 1) (10, 5, 1)
(10, 79, 2001, 1) (10, 5, 1)
(10, 79, 2001, 1) (10, 5, 1)
(10, 79, 2001, 1) (10, 5, 1)
(10, 79, 2001, 1) (10, 5, 1)
(10, 79, 2001, 1) (10, 5, 1)
(10, 79, 2001, 1) (10, 5, 1)
(10, 79, 2001, 1) (10, 5, 1)
(10, 79, 2001, 1) (10, 5, 1)
(10, 79, 2001, 1) (10, 5, 1)
(10, 79, 2001, 1) (10, 5, 1)
(10, 79, 2001, 1) (10, 5, 1)
(10, 79, 2001, 1) (10, 5, 1)
(10, 79, 2001, 1) (10, 5, 1)
(10, 79, 2001, 1) (10, 5, 1)
(10, 79, 2001, 1) (10, 5, 1)
(10, 79, 2001, 1) (10, 5, 1)
(10, 79, 2001, 1) (10, 5, 1)
(10, 79, 2001, 1) (10, 5, 1)
(10, 79, 2001, 1) (10, 5, 1)
(10, 79, 2001, 1) (10, 5, 1)
(10, 79, 2001, 1) (10, 5, 1)
(10, 79, 2001, 1) (10, 5, 1)
(10, 79, 2001, 1) (10, 5, 1)
(10, 79, 2001, 1) (10, 5, 1)
(10, 79, 2001, 1) (10, 5, 1)
(10, 79, 2001, 1) (10, 5, 1)
(10, 79, 2001, 1) (10, 5, 1)
(10, 79, 2001, 1) (10, 5, 1)
(10, 79, 2001, 1) (10, 5, 1)
(10, 79, 2001, 1) (10, 5, 1)
(10, 79, 2001, 1) (10, 5, 1)
(10, 79, 2001, 1) (10, 5, 1)
(10, 79, 2001, 1) (10, 5, 1)
(10, 79, 2001, 1) (10, 5, 1)
(10, 79, 2001, 1) (10, 5, 1)
(10, 79, 2001, 1) (10, 5, 1)
(10, 79, 2001, 1) (10, 5, 1)
(10, 79, 2001, 1) (10, 5, 1)
(10, 79, 2001, 1) (10, 5, 1)
(10, 79, 2001, 1) (10, 5, 1)
(10, 79, 2001, 1) (10, 5, 1)
(10, 79, 2001, 1) (10, 5, 1)
(10, 79, 2001, 1) (10, 5, 1)
(10, 79, 2001, 1) (10, 5, 1)
(10, 79, 2001, 1) (10, 5, 1)
(10, 79, 2001, 1) (10, 5, 1)
(10, 79, 2001, 1) (10, 5, 1)
(10, 79, 2001, 1) (10, 5, 1)
(10, 79, 2001, 1) (10, 5, 1)
(10, 79, 2001, 1) (10, 5, 1)
(10, 79, 2001, 1) (10, 5, 1)
(10, 79, 2001, 1) (10, 5, 1)
(10, 79, 2001, 1) (10, 5, 1)
(10, 79, 2001, 1) (10, 5, 1)
(10, 79, 2001, 1) (10, 5, 1)
(10, 79, 2001, 1) (10, 5, 1)
(10, 79, 2001, 1) (10, 5, 1)
(10, 79, 2001, 1) (10, 5, 1)
(10, 79, 2001, 1) (10, 5, 1)
(10, 79, 2001, 1) (10, 5, 1)
(10, 79, 2001, 1) (10, 5, 1)
(10, 79, 2001, 1) (10, 5, 1)
(10, 79, 2001, 1) (10, 5, 1)
(10, 79, 2001, 1) (10, 5, 1)
(10, 79, 2001, 1) (10, 5, 1)
(10, 79, 2001, 1) (10, 5, 1)
(10, 79, 2001, 1) (10, 5, 1)
(10, 79, 2001, 1) (10, 5, 1)
(10, 79, 2001, 1) (10, 5, 1)
(10, 79, 2001, 1) (10, 5, 1)
(10, 79, 2001, 1) (10, 5, 1)
(10, 79, 2001, 1) (10, 5, 1)
(10, 79, 2001, 1) (10, 5, 1)
(10, 79, 2001, 1) (10, 5, 1)
(10, 79, 2001, 1) (10, 5, 1)
80/80 - 517s - loss: 98.9765 - mse: 0.3275 - val_loss: 98.3928 - val_mse: 0.3365 - 517s/epoch - 6s/step
Sat Aug 12 02:23:45 CEST 2023
